     0/499     5.81G   0.06444     1.985   0.01039      2.06       678       640         0         0         0         0   0.08277    0.7651    0.0104
     1/499      7.2G   0.07112    0.4247   0.01109    0.5069       683       640         0         0         0         0   0.08275    0.2604   0.01039
     2/499     8.69G   0.07357    0.1432   0.01075    0.2275       813       640         0         0         0         0   0.08269    0.1276   0.01039
     3/499     8.69G   0.06635   0.05698   0.01074    0.1341       732       640 3.247e-05 0.0004771 1.938e-07 3.876e-08   0.08253   0.07723   0.01039
     4/499     8.69G   0.06262   0.02898   0.01039     0.102       562       640  0.004306    0.0117  0.001457 0.0002844   0.08175   0.06277   0.01039
     5/499     8.69G   0.06149   0.02146   0.01074   0.09368       868       640   0.01779   0.03289  0.001857 0.0002848   0.08017   0.05913   0.01038
     6/499     8.69G   0.06179   0.01841   0.01108   0.09129       675       640   0.02852   0.07078  0.006767  0.001142   0.07948   0.05188   0.01038
     7/499     8.69G   0.05504   0.01707   0.01039    0.0825       802       640   0.02587     0.138  0.007343  0.001252   0.07901   0.04989   0.01039
     8/499     8.69G   0.05503   0.01546   0.01039   0.08088       481       640   0.04043    0.1192   0.01329  0.002422   0.07857   0.05107   0.01038
     9/499     8.69G   0.05668   0.01494   0.01073   0.08235       860       640   0.04799    0.1232    0.0179  0.003328   0.07818   0.05098   0.01038
    10/499     8.69G   0.05452   0.01409   0.01038   0.07899       499       640   0.05837    0.1634   0.02555  0.004575   0.07425   0.05539   0.01037
    11/499     8.69G   0.05298   0.01421   0.01038   0.07757       592       640   0.06995    0.2089   0.03935  0.007244   0.07173   0.05734   0.01037
    12/499     8.69G   0.05145   0.01552   0.01038   0.07735       779       640   0.09787    0.2113   0.05897   0.01213   0.06831   0.05462   0.01037
    13/499     8.69G   0.04946   0.01465   0.01037   0.07448       648       640    0.1242    0.2626   0.08625   0.01817   0.06453   0.05881   0.01037
    14/499     8.69G   0.04806   0.01654   0.01071    0.0753       540       640    0.2018    0.2497    0.1278   0.02698   0.06221   0.06255   0.01036
    15/499     8.69G   0.04942   0.01574   0.01069   0.07585       676       640    0.1918    0.2345    0.1274   0.02796    0.0614   0.06052   0.01035
    16/499     8.69G   0.04435   0.01745   0.01033   0.07213       669       640    0.1709    0.3265    0.1322   0.02877   0.05909   0.06307   0.01034
    17/499     8.69G   0.04189   0.01912   0.01031   0.07131       747       640    0.2245    0.3133    0.1652   0.04016   0.05863   0.06283   0.01032
    18/499     8.69G   0.04089    0.0203   0.01062   0.07181       757       640    0.2187    0.3768    0.1843   0.04508   0.05678     0.063   0.01031
    19/499     8.69G    0.0396   0.02064   0.01058   0.07082       621       640    0.2796    0.4093    0.2403   0.06581   0.05279   0.06577   0.01026
    20/499     8.69G   0.03774   0.02001   0.01019   0.06794       793       640    0.2803    0.4223    0.2693   0.07823   0.05239   0.06596   0.01021
    21/499     8.69G   0.03685    0.0212   0.01013   0.06818       664       640    0.2755    0.3574    0.2307   0.05663   0.05547   0.06405   0.01018
    22/499     8.69G   0.03801   0.02161   0.01034   0.06996       557       640    0.3166    0.4396    0.3159   0.09706   0.05077    0.0682   0.01004
    23/499     8.69G   0.03581   0.02238  0.009853   0.06804       739       640    0.3065    0.4632    0.3134   0.09032   0.05123   0.06567  0.009888
    24/499     8.69G   0.03523   0.02241  0.009577   0.06722       798       640    0.3514    0.4133    0.3213   0.09576   0.05504   0.06585  0.009589
    25/499     8.69G   0.03889   0.02208  0.009684   0.07066       851       640    0.3386     0.372    0.2655   0.06673   0.05559   0.06668  0.009047
    26/499     8.69G    0.0355    0.0218    0.0077     0.065       608       640    0.3996    0.4953    0.4023    0.1223   0.04829   0.06366  0.007467
    27/499     8.69G    0.0354   0.02331  0.006075   0.06478       536       640    0.3869    0.4934    0.3848    0.1224   0.05008   0.06872  0.006358
    28/499     8.69G   0.03866   0.02219  0.005518   0.06636       744       640    0.3812    0.4753    0.3843    0.1242   0.05117   0.06767  0.006294
    29/499     8.69G   0.03825   0.02447  0.004311   0.06703       752       640    0.2998    0.5056    0.3383   0.09743   0.05516    0.0752  0.005587
    30/499     8.69G   0.04291   0.02507  0.004991   0.07297       743       640    0.4466    0.5035    0.4564    0.1473   0.05375   0.06443  0.005556
    31/499     8.69G   0.03627   0.02119  0.003795   0.06125       784       640     0.606    0.5646    0.5611    0.1866   0.05067   0.06529   0.00452
    32/499     8.69G   0.03679   0.02227  0.003223   0.06228       698       640    0.6244    0.5882    0.5861    0.2015   0.05343   0.06436  0.003878
    33/499     8.69G   0.03746   0.02354  0.002943   0.06395      1088       640    0.5927    0.6067    0.5836    0.1963   0.05136   0.06638  0.003458
    34/499     8.69G   0.03542   0.02115  0.001871   0.05845       615       640    0.6048    0.6143    0.5997    0.1965   0.05139    0.0657  0.003073
    35/499     8.69G   0.03456   0.02292  0.001618    0.0591       697       640    0.6198    0.5796    0.5999    0.1885   0.05045   0.06939  0.002821
    36/499     8.69G    0.0372   0.02174  0.001713   0.06065       807       640    0.5319    0.5867    0.5393     0.151   0.05233   0.07299  0.002852
    37/499     8.69G   0.03513   0.02396  0.001599   0.06069       803       640     0.473    0.5655    0.4627    0.1308   0.05328   0.06695  0.003144
    38/499     8.69G   0.03545   0.02224  0.001106   0.05879       597       640    0.5786    0.6681    0.6259    0.2041   0.05681   0.06873  0.002598
    39/499     8.69G   0.03333   0.02244  0.001036   0.05681       703       640    0.5939    0.6718    0.6422    0.2175   0.05187   0.06269  0.002566
    40/499     8.69G   0.03404   0.02244  0.001095   0.05757       662       640     0.637    0.6612    0.6527    0.2263   0.05454   0.06362  0.002503
    41/499     8.69G   0.03385   0.02231  0.001223   0.05738       738       640    0.5901    0.6247    0.6126    0.2013   0.05272   0.06697  0.002822
    42/499     8.69G   0.03685   0.02285  0.001478   0.06118       636       640    0.6065    0.6681      0.63    0.2121   0.05366     0.068  0.002975
    43/499     8.69G   0.03685   0.02076  0.001399     0.059       717       640    0.6293    0.6412    0.6323    0.2138   0.05801   0.06368   0.00386
    44/499     8.69G   0.03406   0.02362   0.00122    0.0589       642       640    0.6004    0.5629    0.5733     0.179   0.05321   0.06558  0.002756
    45/499     8.69G   0.03779   0.02282  0.001942   0.06255       617       640     0.468    0.5659    0.4521    0.1175   0.05392   0.06688  0.002982
    46/499     8.69G   0.03612   0.02178  0.001516   0.05941       808       640    0.3759    0.4453    0.3154   0.07128   0.05624   0.07082  0.002848
    47/499     8.69G    0.0331   0.02187 0.0009932   0.05597       755       640    0.5213     0.549    0.4882    0.1326    0.0554   0.06651  0.002893
    48/499     8.69G   0.03384   0.02212 0.0009772   0.05694       785       640    0.6326    0.6302    0.6487     0.226   0.05475    0.0677  0.002583
    49/499     8.69G   0.03306   0.02068  0.001052    0.0548       903       640    0.5572    0.5313    0.4814    0.1239   0.05566   0.06167  0.002828
    50/499     8.69G   0.03317   0.02223  0.001008    0.0564       913       640    0.5208    0.5409    0.4777    0.1395   0.05243   0.06848  0.002869
    51/499     8.69G   0.03254   0.02199 0.0009841   0.05552       624       640    0.6075      0.61    0.6042    0.1911   0.05068   0.06735  0.002724
    52/499     8.69G   0.03574   0.02244  0.001105   0.05928       618       640    0.6039    0.6119    0.6161    0.2124   0.05065   0.06928  0.002769
    53/499     8.69G    0.0319    0.0214 0.0007656   0.05407       722       640    0.5268    0.6243    0.5412    0.1568   0.05185   0.06703  0.002606
    54/499     8.69G   0.03199   0.02171 0.0008216   0.05452       718       640    0.6551    0.6504    0.6733    0.2452   0.05026   0.06866   0.00236
    55/499     8.69G   0.03516   0.02107  0.001063   0.05729       320       640    0.5861    0.4963    0.5318    0.1691   0.05396   0.08278  0.004633
    56/499     8.69G   0.03345   0.02354  0.001178   0.05817       899       640    0.5784    0.6542    0.6337    0.2187   0.04961    0.0693  0.002805
    57/499     8.69G   0.03164   0.02354 0.0009155    0.0561       705       640    0.6362    0.5633    0.6105    0.2137   0.05121   0.07114  0.003258
    58/499     8.69G   0.03426   0.02156  0.001206   0.05703       693       640    0.5775    0.6361    0.5912    0.1932   0.05259   0.06958  0.003003
    59/499     8.69G   0.03312   0.02088 0.0008155   0.05481       585       640    0.5954    0.6161    0.5942    0.2048   0.05118   0.07058  0.003042
    60/499     8.69G   0.03283   0.02228  0.000881   0.05599       874       640    0.6018    0.6544    0.6397    0.2263     0.052   0.07014  0.002876
    61/499     8.69G   0.03245   0.02177 0.0008865    0.0551       691       640    0.6377    0.6217    0.6288    0.2244   0.05092   0.06812  0.002862
    62/499     8.69G   0.03171   0.02237 0.0009032   0.05498       581       640    0.6236    0.6349    0.6482     0.224   0.05267      0.07  0.002709
    63/499     8.69G   0.03225   0.02303  0.000906   0.05618       834       640    0.6056    0.6611    0.6456    0.2333   0.05089   0.06835  0.002796
    64/499     8.69G   0.03168   0.02275 0.0008953   0.05532       698       640    0.5859    0.7022    0.6624    0.2419   0.04973   0.06598  0.003072
    65/499     8.69G   0.03539   0.02242  0.001095    0.0589       704       640    0.5688    0.5948    0.5764    0.1745   0.05132   0.06772  0.003167
    66/499     8.69G   0.03196   0.02349 0.0007577   0.05621       746       640    0.6287    0.6534    0.6596    0.2333   0.04946   0.06544  0.003742
    67/499     8.69G   0.03213   0.02217 0.0006684   0.05497       506       640    0.6264    0.6292    0.6377    0.2197   0.04966   0.07135  0.002737
    68/499     8.69G   0.03563   0.02442  0.001131   0.06119       634       640    0.5859     0.503    0.5107    0.1433   0.05327   0.07202  0.003004
    69/499     8.69G   0.03809   0.02166  0.001435   0.06119       653       640    0.6712    0.6481     0.682    0.2534   0.04821   0.06563  0.002421
    70/499     8.69G   0.03195   0.02205 0.0006937    0.0547       751       640    0.6378    0.6307    0.6532    0.2363   0.04984   0.06955  0.004022
    71/499     8.69G   0.03046   0.02135 0.0006557   0.05247       688       640    0.6587    0.6463    0.6838    0.2601   0.04702   0.06936  0.002601
    72/499     8.69G   0.03103   0.02326 0.0006328   0.05492       609       640    0.5733    0.6859    0.6348    0.2201   0.05217   0.06784  0.002924
    73/499     8.69G   0.02944    0.0225 0.0006518   0.05259       832       640    0.6324    0.6338    0.6364    0.2143    0.0502   0.06871  0.002662
    74/499     8.69G   0.03066    0.0213 0.0006425    0.0526       529       640    0.5908    0.6444    0.6146    0.2154   0.04917   0.07119  0.002816
    75/499     8.69G   0.03379   0.02288  0.001119   0.05779       615       640    0.6146    0.6656    0.6546    0.2369   0.04887   0.07182  0.002606
    76/499     8.69G   0.03059   0.02183 0.0006408   0.05306       663       640    0.5449    0.5277    0.4949    0.1433   0.05226     0.072  0.003043
    77/499     8.69G    0.0348   0.02147  0.001024   0.05729       820       640    0.5973    0.5933    0.5709     0.183   0.05166   0.07299  0.003461
    78/499     8.69G   0.03491   0.02156  0.001229    0.0577       645       640    0.5633    0.6196    0.5844    0.1848   0.05605   0.07602  0.004946
    79/499     8.69G   0.03103   0.02207 0.0007624   0.05387       701       640     0.632    0.6625    0.6669    0.2496   0.05164   0.07162  0.003445
    80/499     8.69G   0.03924   0.02427  0.001872   0.06538       653       640   0.01231   0.02063 0.0005953 0.0001261    0.0879    0.1172   0.03639
    81/499     8.69G   0.03715    0.0215  0.001514   0.06016       668       640 0.0007004   0.01379 2.374e-05  3.24e-06   0.08882   0.09838   0.02157
    82/499     8.69G    0.0422   0.02235  0.001911   0.06647       593       640   0.03983   0.07997  0.008912  0.001671   0.08221   0.07462   0.00614
    83/499     8.69G   0.03416    0.0225 0.0008826   0.05754       899       640   0.06176   0.08431   0.01479  0.003824    0.0818   0.07459  0.006202
    84/499     8.69G   0.03379   0.02207 0.0009009   0.05675       767       640    0.5666     0.516    0.5293    0.1687   0.05852   0.07295  0.003014
    85/499     8.69G   0.03346   0.02185 0.0007867   0.05609       737       640    0.5297     0.556    0.5069    0.1534   0.05622    0.0704  0.004213
    86/499     8.69G   0.03364   0.02252 0.0008224   0.05699       722       640    0.4608    0.4574    0.4039    0.1055   0.06362   0.07755  0.004262
    87/499     8.69G   0.03251   0.02203 0.0009182   0.05546       833       640    0.4758     0.529    0.4571    0.1151   0.06118   0.07133  0.003149
    88/499     8.69G   0.03253   0.02178 0.0007194   0.05503       628       640    0.5362    0.4872    0.4654    0.1211    0.0578   0.07486  0.002943
    89/499     8.69G   0.03277   0.02053  0.000628   0.05393       950       640    0.4657    0.4788    0.4151    0.1042   0.06803   0.08013  0.005395
    90/499     8.69G   0.03222   0.02248 0.0009378   0.05563       842       640    0.5395    0.5359    0.4927     0.136   0.06213   0.06417   0.00416
    91/499     8.69G   0.03253   0.02047 0.0006381   0.05364       855       640    0.5684    0.5705    0.5474    0.1655   0.05492    0.0723  0.003025
    92/499     8.69G   0.03466   0.02297    0.0012   0.05883       785       640   0.01543    0.0691  0.004079 0.0007236   0.08054     0.071   0.01094
    93/499     8.69G    0.0344   0.02196 0.0008916   0.05725       784       640   0.03156   0.03926  0.005205   0.00112   0.07953   0.07886    0.0134
    94/499     8.69G    0.0324   0.02135 0.0007229   0.05447       650       640    0.4177    0.4334    0.3566   0.08095    0.0585   0.07106  0.003467
    95/499     8.69G   0.03213   0.02145 0.0007337   0.05432       615       640    0.5923    0.5772    0.5816    0.1975   0.05239   0.07072  0.005921
    96/499     8.69G   0.03022   0.02388 0.0008058    0.0549       679       640    0.5791    0.6376    0.5941    0.1976   0.05133    0.0704  0.004229
    97/499     8.69G   0.03095   0.02201 0.0006644   0.05362       692       640    0.6186    0.6483    0.6336    0.2236   0.05073   0.07002  0.003421
    98/499     8.69G   0.03008   0.02125 0.0007418   0.05208       612       640    0.6331    0.6243    0.6429      0.23   0.05167   0.06841  0.003392
    99/499     8.69G   0.03066   0.02261 0.0007757   0.05404       452       640    0.6151     0.606    0.6131    0.2133    0.0516    0.0684  0.003395
   100/499     8.69G   0.03045   0.02283 0.0006013   0.05388       710       640    0.5186    0.5505    0.5115     0.173   0.05601    0.0718   0.00849
   101/499     8.69G   0.03047   0.02092 0.0006271   0.05201       776       640    0.6379     0.664    0.6784    0.2486   0.04932    0.0696  0.003331
   102/499     8.69G   0.03027   0.02108 0.0006867   0.05204       844       640    0.5809    0.6016    0.5783    0.1973   0.05422   0.07022  0.005965
   103/499     8.69G   0.03017   0.02245 0.0007174   0.05334       753       640       0.6    0.6216    0.6144    0.2091   0.05369   0.06841  0.005644
   104/499     8.69G   0.03088   0.02169 0.0006588   0.05323       839       640    0.4845    0.4778    0.4413    0.1486   0.05875   0.07533  0.009355
   105/499     8.69G   0.02983   0.02179 0.0006116   0.05223       627       640    0.6262     0.612    0.6244    0.2165   0.05074   0.07134  0.003384
   106/499     8.69G   0.02955   0.02188 0.0005846   0.05202       563       640    0.6202    0.6694    0.6662    0.2445   0.04876   0.06905  0.002878
   107/499     8.69G   0.02983   0.02241 0.0005795   0.05282       654       640     0.643     0.637    0.6621    0.2462   0.05066   0.07075  0.003164
   108/499     8.69G   0.03016   0.02233 0.0006331   0.05313       858       640    0.6323    0.6526    0.6594     0.246   0.04878    0.0674   0.00299
   109/499     8.69G   0.02948    0.0229 0.0005632   0.05294       728       640    0.6577    0.6174    0.6586    0.2394   0.04875    0.0694  0.003318
   110/499     8.69G   0.02887   0.02312 0.0005423   0.05253       777       640    0.5471    0.6046    0.5666    0.2073   0.05447   0.06885   0.01232
   111/499     8.69G   0.02908    0.0231 0.0006351   0.05282       642       640    0.6332    0.6407    0.6595    0.2369   0.04894   0.07121  0.003192
   112/499     8.69G   0.02913   0.02197 0.0005571   0.05166       662       640    0.6498    0.5962    0.6336    0.2121   0.04901   0.07131  0.003119
   113/499     8.69G    0.0289   0.02286 0.0006013   0.05236       735       640    0.6449    0.6386    0.6625    0.2274   0.04818   0.06988  0.002725
   114/499     8.69G   0.02926   0.02191 0.0005433   0.05172       805       640    0.6189    0.6864     0.684    0.2619     0.048   0.07021  0.003005
   115/499     8.69G   0.02895   0.02394 0.0005787   0.05347       677       640    0.6703    0.6378    0.6797     0.267    0.0465   0.07061   0.00338
   116/499     8.69G   0.02883   0.02192  0.000518   0.05128       757       640    0.6324    0.6313    0.6475    0.2369   0.04801   0.07227  0.003431
   117/499     8.69G   0.03138   0.02172 0.0009296   0.05403       773       640    0.6055    0.6118    0.6148    0.2073   0.05026   0.07361  0.003012
   118/499     8.69G   0.02906   0.02199 0.0005756   0.05163       636       640    0.5765    0.6078    0.5907    0.1873   0.05061   0.07216  0.002938
   119/499     8.69G   0.02886   0.02293 0.0005616   0.05235       702       640    0.6754    0.6231    0.6724    0.2583   0.04747   0.07087  0.003114
   120/499     8.69G   0.02853   0.02249 0.0004814    0.0515       620       640    0.6176    0.6645    0.6584    0.2443   0.04844   0.07074  0.003427
   121/499     8.69G   0.02805   0.02277 0.0005146   0.05134       579       640    0.6213    0.6058    0.6114    0.2084   0.04978   0.06996   0.00504
   122/499     8.69G   0.02797   0.02251 0.0006328   0.05111       640       640    0.6219    0.6502    0.6417    0.2412   0.04826   0.06881  0.005941
   123/499     8.69G    0.0291   0.02303  0.000503   0.05264       597       640    0.6619    0.6419    0.6799    0.2683   0.04708   0.07103   0.00299
   124/499     8.69G   0.02867   0.02082 0.0005227   0.05001      1040       640    0.6131    0.6149    0.6222    0.2188   0.04874   0.07143   0.00311
   125/499     8.69G   0.02839   0.02235 0.0005518   0.05129       841       640    0.5929     0.583    0.5862    0.1857   0.05193   0.07208    0.0028
   126/499     8.69G   0.02858   0.02191 0.0005819   0.05107       869       640    0.6174    0.5974    0.6143    0.2073   0.05012   0.07322  0.002915
   127/499     8.69G   0.02818   0.02295 0.0004664   0.05159       914       640    0.5375    0.5516    0.5162    0.1502   0.05181   0.07568  0.002826
   128/499     8.69G   0.02773   0.02298 0.0004974    0.0512       785       640    0.6517     0.652    0.6676    0.2591   0.04839    0.0698  0.002957
   129/499     8.69G   0.02769   0.02263 0.0005116   0.05083       739       640    0.6486    0.6395    0.6654    0.2466    0.0488    0.0709  0.002928
   130/499     8.69G   0.02792   0.02273 0.0005386   0.05119       802       640    0.6353    0.6422    0.6516    0.2443   0.04877   0.06949  0.003096
   131/499     8.69G   0.02805   0.02142 0.0004327    0.0499       728       640    0.6508    0.6412    0.6677    0.2421   0.04743   0.07196  0.002767
   132/499     8.69G   0.02772   0.02183 0.0004899   0.05004       793       640    0.6398    0.6164    0.6431    0.2334   0.04769   0.07164  0.002863
   133/499     8.69G   0.02883   0.02292 0.0005119   0.05227       878       640    0.6209    0.6776    0.6631    0.2614   0.04688   0.07104  0.002915
   134/499     8.69G   0.02765    0.0227 0.0005717   0.05092       915       640    0.5961    0.6383    0.6192    0.2103   0.04866   0.07198  0.003086
   135/499     8.69G   0.02749   0.02214  0.000459   0.05009       463       640    0.6395    0.6803     0.677     0.253   0.04794   0.07424  0.002721
   136/499     8.69G   0.02751   0.02119 0.0005092    0.0492       739       640    0.5567    0.5602    0.5182    0.1481   0.05132    0.0778  0.003035
   137/499     8.69G   0.02855   0.02263 0.0005627   0.05174       651       640    0.6661    0.6644    0.6932    0.2847   0.04566    0.0704  0.002846
   138/499     8.69G   0.02778   0.02348 0.0004236   0.05169       824       640    0.6195    0.6394    0.6485    0.2327   0.04707     0.075  0.002972
   139/499     8.69G   0.02767   0.02196 0.0005051   0.05014       802       640    0.5822     0.559    0.5548    0.1813   0.04977   0.07116  0.004892
   140/499     8.69G   0.02781   0.02197  0.000507   0.05028       822       640    0.6333    0.6369    0.6462    0.2383   0.04875   0.07141  0.002711
   141/499     8.69G   0.02704   0.02195 0.0004991   0.04949       616       640    0.5755    0.6496    0.6096    0.1963   0.04982   0.07334  0.003129
   142/499     8.69G   0.02774   0.02134 0.0004808   0.04956       554       640    0.6638    0.6652    0.6898    0.2834   0.04592   0.07093  0.002917
   143/499     8.69G   0.02759   0.02218 0.0005839   0.05036       680       640    0.6229     0.706    0.6934    0.2815   0.04558   0.07027  0.002872
   144/499     8.69G   0.02766   0.02047 0.0004946   0.04862       645       640    0.6254    0.6909    0.6875    0.2736   0.04558   0.07142  0.002798
   145/499     8.69G   0.02771   0.02168 0.0005453   0.04993       724       640    0.5578    0.5834     0.546    0.1665   0.04965   0.07407  0.002911
   146/499     8.69G   0.02715   0.02177 0.0004676   0.04938       837       640    0.6274    0.6133    0.6273    0.2173   0.04897   0.07292  0.002762
   147/499     8.69G   0.02685   0.02311 0.0005307   0.05049       739       640    0.6251    0.6866    0.6684    0.2622   0.04641   0.07052  0.002815
   148/499     8.69G   0.02817    0.0225 0.0004936   0.05117       812       640    0.6202    0.6975    0.6804    0.2598   0.04656   0.07196  0.002813
   149/499     8.69G   0.02687    0.0229 0.0004939   0.05026       810       640    0.5746    0.6657    0.6265    0.2228   0.04784   0.07246  0.003058
   150/499     8.69G   0.02751   0.02206  0.000463   0.05004       681       640    0.6408    0.6558    0.6668    0.2581   0.04661   0.07495  0.002641
   151/499     8.69G   0.02717   0.02398 0.0005364   0.05168       686       640     0.609    0.6252    0.6186     0.211     0.049   0.07221  0.003234
   152/499     8.69G   0.02858   0.02194 0.0009024   0.05142       577       640     0.638    0.6397     0.649    0.2378   0.04735   0.07125  0.003212
   153/499     8.69G   0.02664   0.02238 0.0004478   0.04947       653       640    0.6781    0.6393    0.6794    0.2729   0.04565   0.07079  0.003226
   154/499     8.69G   0.02762   0.02225 0.0005351    0.0504       947       640    0.5988    0.5867    0.5779    0.1913   0.04906    0.0757    0.0032
   155/499     8.69G   0.02647    0.0223 0.0006582   0.04943       629       640     0.637    0.6667    0.6771    0.2633   0.04594   0.07004  0.002664
   156/499     8.69G   0.02728   0.02203 0.0004016    0.0497       864       640    0.6282    0.6376    0.6361     0.235   0.04814   0.07498  0.003038
   157/499     8.69G   0.02705    0.0226  0.000597   0.05025       683       640    0.6525    0.6341     0.662    0.2529   0.04669   0.07074  0.002963
   158/499     8.69G   0.02714     0.023 0.0004657    0.0506       717       640    0.6095    0.6981     0.683    0.2796   0.04512   0.07303  0.003119
   159/499     8.69G   0.02653   0.02314 0.0005104   0.05019       771       640    0.6295    0.6563    0.6538    0.2432   0.04691   0.07327   0.00286
   160/499     8.69G   0.02768   0.02214 0.0004812   0.05029       576       640    0.6176    0.6421    0.6337    0.2322   0.04869   0.07667  0.002906
   161/499     8.69G   0.02676   0.02188  0.000407   0.04905       735       640    0.6248    0.6968    0.6837    0.2772   0.04518   0.07182  0.002732
   162/499     8.69G   0.02665   0.02303 0.0004408   0.05012      1162       640    0.5624    0.6368    0.5931    0.1931   0.04829   0.07622  0.002757
   163/499     8.69G   0.02613   0.02109 0.0004421   0.04766       653       640    0.6135    0.6746    0.6593    0.2508   0.04571   0.07398  0.002802
   164/499     8.69G   0.02661    0.0237 0.0005059   0.05081       543       640    0.6552     0.657    0.6764    0.2571   0.04634   0.07374  0.002623
   165/499     8.69G   0.02651   0.02347 0.0004686   0.05045       745       640    0.5755    0.6635    0.6254    0.2273   0.04663   0.07542  0.003135
   166/499     8.69G   0.02637    0.0217 0.0004385    0.0485       577       640    0.6026    0.6999    0.6732    0.2488    0.0459   0.07403  0.002843
   167/499     8.69G   0.02635   0.02249 0.0004933   0.04933       613       640    0.6502    0.6609    0.6714    0.2623   0.04576   0.07259  0.002843
   168/499     8.69G   0.02631   0.02238 0.0004531   0.04915       777       640    0.6428    0.6648    0.6748    0.2685    0.0446    0.0724  0.002717
   169/499     8.69G   0.02575   0.02397 0.0004261   0.05015       807       640    0.5991    0.6902    0.6616    0.2645   0.04537   0.07224  0.003127
   170/499     8.69G   0.02589   0.02409  0.000417    0.0504       790       640    0.6413    0.6571    0.6661    0.2598   0.04628   0.07484  0.002811
   171/499     8.69G   0.02556   0.02256 0.0003653   0.04849       776       640    0.6075    0.7137    0.6716    0.2735   0.04461   0.07324  0.002764
   172/499     8.69G   0.03108   0.02284  0.001136   0.05505       801       640    0.2329    0.3936    0.1878   0.04497   0.07108   0.09244  0.009408
   173/499     8.69G   0.02981   0.02185 0.0007183   0.05237       788       640    0.1465    0.1647   0.02464   0.00651   0.08095   0.07446   0.03293
   174/499     8.69G   0.02908   0.02271 0.0006241   0.05241       569       640    0.4585    0.3774    0.3044   0.09027   0.06984   0.09063   0.02935
   175/499     8.69G   0.02954   0.02259 0.0006083   0.05274       692       640    0.5713     0.541    0.5167    0.1811   0.05756   0.08276   0.01967
   176/499     8.69G   0.02838   0.02176 0.0005466   0.05068       456       640    0.5962    0.5892      0.59    0.2092   0.04934    0.0728   0.00441
   177/499     8.69G   0.02841   0.02228 0.0005976   0.05129       904       640    0.3187    0.3056     0.225   0.05335   0.07205   0.09033  0.003852
   178/499     8.69G   0.02781   0.02422 0.0005232   0.05255       750       640     0.525    0.4668    0.4495    0.1308   0.05193   0.07349  0.003766
   179/499     8.69G   0.02836   0.02179 0.0005706   0.05072       670       640    0.6126    0.6442     0.645    0.2402   0.04702   0.07296  0.002737
   180/499     8.69G   0.03175   0.02234 0.0008258   0.05491      1031       640    0.5442    0.5897    0.5527    0.1951   0.05079   0.07379  0.006678
   181/499     8.69G   0.02781   0.02242 0.0004933   0.05072       820       640    0.6252    0.6662    0.6627    0.2583   0.04516   0.07225  0.003111
   182/499     8.69G   0.02672   0.02217 0.0004986   0.04939       835       640    0.5287    0.5454    0.5143    0.1638   0.05137   0.07078   0.00421
   183/499     8.69G   0.02732   0.02274  0.000584   0.05064       717       640    0.5005    0.5763    0.5109    0.1696   0.05196   0.07014  0.004506
   184/499     8.69G   0.03105   0.02341 0.0008987   0.05537       556       640    0.6019     0.614     0.602    0.2188   0.04745   0.07178  0.003036
   185/499     8.69G   0.02706   0.02254 0.0005066   0.05011       650       640    0.6004    0.6217    0.6067    0.2211   0.04798   0.07066  0.002906
   186/499     8.69G    0.0268   0.02251 0.0004911    0.0498       668       640    0.6131    0.6389    0.6343    0.2276   0.04605   0.07328  0.002845
   187/499     8.69G   0.02714    0.0233 0.0004933   0.05093       899       640    0.5996    0.6669    0.6502    0.2497   0.04526   0.07303  0.002901
   188/499     8.69G   0.02637   0.02266 0.0003777   0.04942       586       640    0.6458    0.6627    0.6731    0.2655   0.04464   0.07271  0.002962
   189/499     8.69G   0.03013   0.02231 0.0007917   0.05323       636       640    0.6174    0.6211     0.624    0.2336   0.04679   0.07285  0.004523
   190/499     8.69G   0.02675    0.0229 0.0003983   0.05005       880       640    0.5958    0.6053    0.5999    0.2183   0.04778   0.07173  0.004903
   191/499     8.69G   0.02668   0.02177 0.0003487    0.0488       628       640    0.6535    0.6615     0.686    0.2827   0.04436   0.07079  0.002819
   192/499     8.69G   0.02681   0.02322 0.0004314   0.05047       651       640    0.6493    0.6823    0.6922    0.2891   0.04402   0.07091  0.002705
   193/499     8.69G   0.02654   0.02216 0.0004169   0.04912       893       640    0.6294    0.7007      0.69    0.2864   0.04357   0.07111  0.002585
   194/499     8.69G   0.02673   0.02244 0.0004144   0.04958       630       640    0.6189    0.6316    0.6308    0.2252   0.04677    0.0733  0.002903
   195/499     8.69G   0.02644    0.0236 0.0004624    0.0505       812       640    0.6305    0.6269    0.6408    0.2382   0.04559   0.07293  0.002748
   196/499     8.69G   0.03075   0.02221 0.0008064   0.05376       592       640    0.6133       0.7    0.6692    0.2716   0.04469   0.07206  0.002977
   197/499     8.69G   0.02952   0.02389  0.000824   0.05424       737       640    0.6464    0.6496    0.6596    0.2622   0.04446   0.07191  0.002918
   198/499     8.69G   0.02613   0.02383 0.0004224   0.05038       857       640     0.603    0.6667    0.6343    0.2372   0.04545   0.07521  0.002849
   199/499     8.69G   0.02649   0.02298 0.0004336   0.04991      1117       640    0.6217    0.7204    0.6961    0.2917   0.04328   0.07294  0.002622
   200/499     8.69G   0.03027   0.02215 0.0007401   0.05315       732       640    0.6719    0.6307    0.6699    0.2634   0.04446   0.07386  0.002661
   201/499     8.69G   0.02603    0.0215 0.0004445   0.04798       587       640    0.6195    0.6878     0.666    0.2656   0.04503   0.07369  0.002563
   202/499     8.69G   0.02689   0.02259 0.0004663   0.04995       806       640    0.5336    0.5703    0.5136    0.1599   0.04964   0.07608  0.002954
   203/499     8.69G   0.02612   0.02277 0.0004167    0.0493       630       640     0.602    0.5967    0.5941    0.2016   0.04702    0.0752  0.002795
   204/499     8.69G   0.03073   0.02298 0.0008262   0.05453       843       640    0.6267    0.6839    0.6761    0.2771   0.04305   0.07179  0.002642
   205/499     8.69G    0.0258   0.02253 0.0005365   0.04887       686       640    0.6182    0.6708    0.6585    0.2513   0.04427   0.07247  0.002633
   206/499     8.69G   0.02649   0.02261 0.0004513   0.04956       671       640    0.6413     0.683    0.6908    0.2884   0.04269   0.07215  0.002495
   207/499     8.69G   0.02569   0.02307 0.0004011   0.04916       696       640     0.606    0.7007    0.6734    0.2634   0.04362   0.07255  0.002594
   208/499     8.69G   0.03378   0.02338  0.001233    0.0584       684       640    0.6566    0.6671     0.687    0.2876   0.04277   0.07152  0.002809
   209/499     8.69G    0.0259   0.02249 0.0003832   0.04877       822       640    0.6639    0.6654    0.6908    0.2935    0.0421   0.07167   0.00257
   210/499     8.69G   0.02992   0.02322 0.0007451   0.05389       822       640    0.6364    0.6501    0.6461    0.2535   0.04521   0.07012  0.003711
   211/499     8.69G   0.02947   0.02316 0.0008192   0.05345       747       640    0.6419    0.5963    0.6283    0.2328   0.04573   0.07446  0.002992
   212/499     8.69G   0.02548   0.02328 0.0003731   0.04913       776       640    0.6377     0.633    0.6582    0.2511   0.04459   0.07345  0.002813
   213/499     8.69G   0.02903   0.02214 0.0007283    0.0519       831       640    0.6524    0.6274    0.6608    0.2534   0.04508    0.0716   0.00285
   214/499     8.69G   0.02596   0.02217 0.0003999   0.04853       608       640    0.6648    0.6136     0.653    0.2563   0.04434   0.07421  0.002861
   215/499     8.69G    0.0298   0.02353 0.0006926   0.05402       818       640    0.6291    0.6684    0.6546     0.257   0.04461   0.07285  0.002916
   216/499     8.69G   0.02585   0.02256 0.0004228   0.04884       723       640    0.6355    0.6543    0.6489    0.2534   0.04584   0.07201   0.00316
   217/499     8.69G   0.02588   0.02372  0.000423   0.05002       815       640    0.6712    0.6432    0.6772    0.2776   0.04459   0.07232  0.002894
   218/499     8.69G   0.02928   0.02223 0.0006583   0.05217       570       640    0.6497    0.6521    0.6681    0.2666   0.04472   0.07413  0.002914
   219/499     8.69G   0.02553   0.02347 0.0004462   0.04945       573       640    0.6255    0.6706    0.6583    0.2568   0.04521   0.07393  0.003028
   220/499     8.69G   0.02523   0.02281   0.00047   0.04852       509       640    0.6272    0.6939    0.6758    0.2808   0.04347   0.07447  0.002805
   221/499     8.69G   0.02929   0.02215 0.0006396   0.05208       649       640    0.6228    0.6876    0.6679    0.2714    0.0435   0.07341  0.002777
   222/499     8.69G    0.0256   0.02263 0.0004945   0.04873       842       640    0.6504    0.6727    0.6796     0.286   0.04245   0.07372  0.002589
   223/499     8.69G   0.02534   0.02256 0.0004194   0.04831       707       640    0.5945    0.7101    0.6636    0.2629   0.04338   0.07372  0.002783
   224/499     8.69G   0.02493   0.02379 0.0004464   0.04917       665       640     0.618     0.643    0.6375     0.234   0.04468   0.07451  0.002847
   225/499     8.69G   0.02916   0.02279  0.001098   0.05305       654       640    0.6183     0.706    0.6804    0.2908   0.04246   0.07175  0.002658
   226/499     8.69G   0.02907   0.02259 0.0007603   0.05242       782       640    0.6178    0.6986    0.6791    0.2872   0.04265   0.07353  0.002588
   227/499     8.69G   0.02539   0.02238 0.0004006   0.04817       751       640    0.6383    0.5837    0.6099    0.2223   0.04504   0.07625  0.002858
   228/499     8.69G   0.02791   0.02324 0.0007354   0.05188       566       640    0.6142    0.6724    0.6598    0.2603   0.04423   0.07545  0.002851
   229/499     8.69G   0.02844   0.02333 0.0007526   0.05252       931       640    0.6517    0.6688    0.6812    0.2909   0.04264   0.07265  0.002916
   230/499     8.69G    0.0287   0.02315 0.0007079   0.05256       616       640    0.6327    0.6714    0.6706    0.2764   0.04301   0.07497  0.002814
   231/499     8.69G   0.02823   0.02244 0.0007593   0.05143       616       640    0.6302    0.6903    0.6736    0.2855   0.04264   0.07391  0.002892
   232/499     8.69G   0.02489   0.02277 0.0003925   0.04805       703       640    0.6056    0.6699     0.648    0.2532   0.04512   0.07294  0.003055
   233/499     8.69G   0.02478   0.02333 0.0004364   0.04855       720       640    0.6022    0.6854     0.648     0.254   0.04345   0.07587  0.002698
   234/499     8.69G   0.02838   0.02281 0.0007194   0.05191       667       640    0.6216    0.6891    0.6657    0.2748   0.04267    0.0754  0.002759
   235/499     8.69G    0.0246    0.0229 0.0004488   0.04795       815       640    0.6206     0.704    0.6702    0.2851   0.04225   0.07558  0.002719
   236/499     8.69G   0.03245   0.02285 0.0008789   0.05618       666       640    0.5702    0.5911    0.5528    0.2179   0.04914     0.072  0.005582
   237/499     8.69G   0.02494   0.02273 0.0003844   0.04805       789       640    0.6385    0.6514    0.6578     0.266   0.04305   0.07488  0.002796
   238/499     8.69G   0.02573   0.02424 0.0004174   0.05039       598       640    0.6531    0.6763    0.6747     0.285   0.04219   0.07405   0.00278
   239/499     8.69G   0.02834   0.02293 0.0009768   0.05225       602       640    0.6354    0.6934    0.6794    0.2869   0.04218   0.07432   0.00298
   240/499     8.69G   0.03227   0.02346  0.001145   0.05687       785       640    0.6387    0.6815    0.6679    0.2755   0.04275   0.07426  0.003029
   241/499     8.69G   0.03556   0.02473  0.001461   0.06175       838       640    0.6285    0.6994    0.6805    0.2822    0.0421   0.07373   0.00277
   242/499     8.69G   0.03531   0.02233  0.001552   0.05918       854       640    0.5504    0.6198    0.5834    0.2053    0.0465   0.07838  0.002788
   243/499     8.69G   0.02906   0.02232 0.0008796   0.05226       694       640    0.6004    0.6131    0.6093    0.2202   0.04447   0.07707  0.002688
   244/499     8.69G   0.02823   0.02246  0.000671   0.05136       696       640    0.6282    0.6617    0.6667    0.2664   0.04215   0.07525  0.002487
   245/499     8.69G   0.02488   0.02343 0.0003774   0.04869       693       640    0.6238    0.6893    0.6754    0.2934   0.04182   0.07313   0.00259
   246/499     8.69G   0.03141   0.02254  0.001101   0.05505       699       640    0.6496    0.6783    0.6847    0.2997   0.04098   0.07392  0.002526
   247/499     8.69G   0.02461   0.02378 0.0004466   0.04884       782       640     0.645    0.6761    0.6743    0.2903   0.04145    0.0739  0.002554
   248/499     8.69G   0.02427   0.02231 0.0003566   0.04693       570       640    0.6407    0.6388    0.6539    0.2631   0.04272   0.07644  0.002716
   249/499     8.69G   0.02497   0.02275  0.000587   0.04831       572       640    0.6268    0.6995    0.6805    0.2895   0.04124   0.07444  0.002611
   250/499     8.69G   0.02487   0.02383 0.0004202   0.04912       561       640    0.6262    0.6784    0.6703    0.2793   0.04173   0.07362  0.002774
   251/499     8.69G   0.02807   0.02306 0.0006731   0.05181       657       640    0.6165    0.6942    0.6703    0.2895   0.04134   0.07388  0.002681
   252/499     8.69G   0.03115   0.02374  0.001064   0.05595       609       640      0.64    0.7008    0.6931    0.3016   0.04015   0.07321   0.00244
   253/499     8.69G   0.02797   0.02235 0.0006909   0.05101       568       640    0.6726    0.6429    0.6796     0.291   0.04127   0.07421  0.002777
   254/499     8.69G   0.02436   0.02216 0.0003725   0.04689       721       640    0.6077    0.6992    0.6759    0.2899   0.04147   0.07436  0.002578
   255/499     8.69G   0.02802   0.02252 0.0006747   0.05122       680       640    0.6656    0.6397    0.6786    0.2872   0.04127   0.07458  0.002726
   256/499     8.69G   0.02425   0.02224 0.0003613   0.04685       803       640    0.6305    0.6968    0.6868    0.2891   0.04111   0.07418  0.002676
   257/499     8.69G   0.02747   0.02391 0.0007227   0.05211       814       640    0.6475    0.6712     0.683    0.2957   0.04092   0.07502  0.002529
   258/499     8.69G   0.02415   0.02344 0.0003949   0.04799       801       640    0.6673    0.6221    0.6628    0.2823   0.04152   0.07524  0.002592
   259/499     8.69G   0.02383   0.02267 0.0003615   0.04686       566       640    0.6154    0.6925      0.67    0.2889    0.0415   0.07517  0.002698
   260/499     8.69G   0.02861   0.02353 0.0007086   0.05285       587       640    0.6325    0.6815     0.674    0.2846   0.04165   0.07464  0.002996
   261/499     8.69G    0.0282   0.02356 0.0007827   0.05254       816       640     0.676    0.6213    0.6654    0.2827   0.04188    0.0743  0.002754
   262/499     8.69G    0.0242   0.02322 0.0003692   0.04779       912       640    0.6052    0.6951    0.6664    0.2753   0.04208   0.07592  0.002833
   263/499     8.69G   0.02813   0.02316  0.000735   0.05202       604       640    0.6234    0.6853    0.6729    0.2856   0.04173    0.0752  0.002606
   264/499     8.69G   0.02434   0.02247  0.000404   0.04722       658       640    0.6357    0.6943    0.6841    0.2986   0.04028   0.07521  0.002627
   265/499     8.69G   0.02791   0.02205 0.0007083   0.05066       599       640    0.6334    0.6841     0.679    0.2915   0.04116   0.07392  0.002635
   266/499     8.69G    0.0243   0.02193 0.0004773   0.04671       725       640    0.6597    0.6593    0.6737    0.2847   0.04172    0.0752  0.002742
   267/499     8.69G   0.02409   0.02259 0.0004175    0.0471       563       640    0.6469    0.6721    0.6748    0.2873   0.04103    0.0766  0.002574
   268/499     8.69G   0.02433   0.02304 0.0004355   0.04781       868       640    0.6244    0.6998    0.6858    0.2963    0.0405   0.07517  0.002386
   269/499     8.69G   0.02713   0.02348  0.000731   0.05134       727       640    0.6703    0.6488    0.6726     0.284   0.04125    0.0753  0.002503
   270/499     8.69G   0.02418   0.02266 0.0002952   0.04713       665       640    0.6346    0.6749    0.6671    0.2876   0.04162   0.07611   0.00263
   271/499     8.69G   0.02784   0.02246 0.0008129   0.05111       883       640    0.6254     0.694    0.6778    0.2872   0.04129   0.07642  0.002582
   272/499     8.69G   0.02744   0.02231 0.0006746   0.05042       544       640    0.6338    0.6779    0.6748    0.2844   0.04153   0.07691  0.002579
   273/499     8.69G   0.02389   0.02324 0.0003648    0.0475       621       640    0.6146     0.676    0.6557     0.261   0.04213   0.07751  0.002707
   274/499     8.69G   0.02799   0.02334 0.0007684    0.0521       716       640     0.633    0.6379    0.6495    0.2599   0.04221   0.07709  0.002663
   275/499     8.69G     0.024   0.02338 0.0004561   0.04783       682       640    0.6537    0.6468    0.6683    0.2885   0.04114   0.07613  0.002545
   276/499     8.69G   0.03491    0.0239  0.001441   0.06025       609       640    0.6443    0.6628    0.6693    0.2956    0.0407   0.07475  0.002565
   277/499     8.69G    0.0239   0.02087 0.0003451   0.04511       514       640    0.6528     0.658    0.6711    0.2877   0.04077     0.075   0.00266
   278/499     8.69G   0.03869   0.02195  0.001748   0.06238       395       640    0.6402    0.6805    0.6801    0.2974   0.04063   0.07518  0.002697
   279/499     8.69G   0.02382   0.02296 0.0004327   0.04721       889       640    0.6514    0.6599    0.6713    0.2964   0.04066   0.07635   0.00273
   280/499     8.69G   0.02393   0.02232 0.0003681   0.04662       811       640    0.6076    0.7209    0.6804    0.3036   0.04017   0.07484  0.002551
   281/499     8.69G   0.02718   0.02312 0.0007351   0.05104       859       640     0.602    0.6903    0.6569    0.2639   0.04202   0.07638  0.002584
   282/499     8.69G   0.02426     0.024 0.0003917   0.04866       770       640    0.5515    0.5722    0.5411    0.1767   0.04841   0.07955  0.002982
   283/499     8.69G   0.02383   0.02179 0.0003533   0.04597       728       640      0.64    0.5789    0.6078    0.2227   0.04395   0.07929  0.002708
   284/499     8.69G   0.02718    0.0219 0.0007183    0.0498       792       640    0.6184    0.7027    0.6704     0.281   0.04145   0.07665   0.00258
   285/499     8.69G   0.03107   0.02256    0.0011   0.05473       647       640    0.6304     0.679    0.6634    0.2768   0.04172   0.07673  0.002567
   286/499     8.69G   0.02374    0.0226 0.0004148   0.04675       671       640    0.6466      0.67    0.6734     0.284    0.0416   0.07576  0.002412
   287/499     8.69G   0.02328   0.02149  0.000343   0.04512       627       640     0.651    0.6659    0.6728    0.2969   0.04062   0.07563  0.002388
   288/499     8.69G   0.02371   0.02275 0.0004084   0.04687       606       640    0.6293    0.6938    0.6745    0.3001   0.04009    0.0757   0.00236
   289/499     8.69G   0.02733   0.02229 0.0007788    0.0504       612       640    0.6371    0.6854    0.6757    0.2984   0.04034   0.07551  0.002429
   290/499     8.69G   0.02662    0.0231 0.0007204   0.05044       537       640    0.6183    0.6864    0.6601    0.2849   0.04135   0.07526  0.002588
   291/499     8.69G   0.02692   0.02084 0.0007589   0.04852       639       640    0.6219    0.6946    0.6733    0.2947   0.04065   0.07511  0.002484
   292/499     8.69G   0.02755   0.02195 0.0006772   0.05018       739       640    0.6451    0.6802    0.6704    0.2953   0.04073   0.07576  0.002488
   293/499     8.69G   0.02699   0.02284 0.0007105   0.05055       670       640    0.6375    0.6952    0.6774     0.299   0.04034   0.07544  0.002421
   294/499     8.69G   0.02685    0.0231 0.0007006   0.05066       790       640    0.6314    0.6952    0.6737    0.2917   0.04068   0.07674   0.00258
   295/499     8.69G   0.03481    0.0229  0.001434   0.05915       881       640    0.6094    0.7086     0.668    0.2852   0.04118   0.07813  0.002566
   296/499     8.69G   0.02667   0.02296 0.0006982   0.05033       905       640    0.6306    0.6822    0.6672    0.2851   0.04106   0.07773  0.002605
   297/499     8.69G   0.02337   0.02249 0.0003145   0.04618       646       640    0.6351    0.6878    0.6702    0.2952   0.04019   0.07602  0.002653
   298/499     8.69G   0.03047   0.02161  0.001019    0.0531       440       640    0.6061    0.6907    0.6545    0.2738   0.04112     0.079  0.002811
   299/499     8.69G   0.02313   0.02167 0.0002751   0.04507       672       640    0.6219    0.6858    0.6605    0.2773   0.04074   0.07846  0.002798
   300/499     8.69G     0.023   0.02241 0.0003768   0.04578       639       640     0.627    0.6771    0.6725    0.2927   0.04032   0.07577  0.002542
   301/499     8.69G   0.02386   0.02179  0.000378   0.04603       571       640    0.6294    0.6789    0.6695    0.2914    0.0405   0.07625  0.002622
   302/499     8.69G   0.02757   0.02257 0.0007522   0.05089       706       640    0.6339    0.6385    0.6554    0.2724   0.04162   0.07694  0.002688
   303/499     8.69G   0.02311   0.02286 0.0003223   0.04629       744       640    0.6597    0.6552    0.6757    0.3001   0.04034   0.07565  0.002593
   304/499     8.69G   0.02742   0.02234   0.00064    0.0504       566       640    0.6736    0.6203    0.6596    0.2822   0.04113   0.07801  0.002673
   305/499     8.69G   0.02671   0.02184 0.0007796   0.04932       740       640    0.6202    0.6819     0.661    0.2844    0.0411   0.07694  0.002686
   306/499     8.69G   0.02702   0.02149  0.000678   0.04919       782       640    0.6058    0.7205     0.674    0.2978   0.04012   0.07662  0.002599
   307/499     8.69G   0.02693   0.02243 0.0007193   0.05009       925       640    0.6441     0.678    0.6712    0.2941   0.04023   0.07679  0.002685
   308/499     8.69G   0.02338   0.02276  0.000363   0.04651       675       640    0.6398     0.677    0.6765    0.2924   0.04012   0.07736  0.002649
   309/499     8.69G   0.02268   0.02216  0.000269   0.04511       540       640    0.6317    0.6806    0.6706     0.295   0.03995    0.0766  0.002566
   310/499     8.69G   0.02648   0.02178 0.0006344    0.0489       696       640    0.6416    0.6827    0.6733    0.2944   0.03978   0.07727  0.002627
   311/499     8.69G   0.02272   0.02181 0.0003857   0.04491       584       640    0.6364    0.6756    0.6655     0.283   0.04044   0.07687  0.002687
   312/499     8.69G   0.02305   0.02217 0.0003561   0.04558       690       640    0.6096    0.6573    0.6361    0.2597    0.0419   0.07846  0.002667
   313/499     8.69G   0.02304   0.02324 0.0004112    0.0467       686       640    0.6325    0.6592    0.6527    0.2782    0.0407   0.07881  0.002603
   314/499     8.69G    0.0231   0.02212 0.0004119   0.04563       664       640    0.6218    0.6918    0.6613     0.285   0.04035   0.07884  0.002627
   315/499     8.69G   0.03015   0.02208  0.001008   0.05324       699       640    0.6397    0.6659    0.6574    0.2879   0.04038   0.07829  0.002597
   316/499     8.69G   0.02966   0.02241  0.001034   0.05311       611       640    0.6243    0.6538    0.6396    0.2709   0.04115   0.07891  0.002695
   317/499     8.69G   0.02256   0.02343 0.0003515   0.04635       654       640    0.6446    0.6619    0.6593     0.285   0.04039   0.07712  0.002668
   318/499     8.69G   0.02288   0.02254 0.0003974   0.04582       727       640     0.648    0.6738    0.6712    0.2985   0.03994   0.07652  0.002683
   319/499     8.69G   0.02274   0.02204 0.0003229   0.04511       643       640    0.6395    0.6858    0.6669    0.2902   0.04028   0.07789   0.00275
   320/499     8.69G   0.02261   0.02342 0.0003451   0.04638       793       640    0.6533    0.6776    0.6725    0.2964   0.03974   0.07725  0.002732
   321/499     8.69G   0.02314   0.02174 0.0003254   0.04521       619       640    0.6113    0.7098    0.6578    0.2778   0.04086   0.07826  0.002777
   322/499     8.69G   0.02292   0.02166  0.000322    0.0449       821       640    0.6371    0.6798    0.6582    0.2872   0.04049   0.07744   0.00273
   323/499     8.69G   0.02711   0.02195 0.0006896   0.04975       855       640    0.6403    0.6651    0.6531     0.283   0.04068    0.0772  0.002829
   324/499     8.69G   0.02639   0.02217 0.0007128   0.04927       666       640    0.6506    0.6435    0.6517    0.2849   0.04054   0.07756  0.002831
   325/499     8.69G   0.03013    0.0213  0.001041   0.05247       748       640    0.6563    0.6605    0.6616    0.2888   0.04039   0.07814  0.002763
   326/499     8.69G   0.02281    0.0224  0.000343   0.04555       861       640    0.6104    0.6994    0.6574    0.2851   0.04107   0.07733  0.002708
   327/499     8.69G   0.02638   0.02351 0.0006105    0.0505       636       640    0.6578     0.658    0.6644    0.2904    0.0401   0.07686  0.002696
   328/499     8.69G   0.02278   0.02218 0.0003541   0.04531       717       640     0.641     0.658      0.66     0.287   0.04013   0.07726  0.002742
   329/499     8.69G   0.02237    0.0221 0.0003267   0.04481       676       640    0.6268    0.6804    0.6612    0.2919   0.04007   0.07767  0.002765
   330/499     8.69G   0.03012   0.02217 0.0009964   0.05328       587       640    0.6258     0.639    0.6351    0.2652   0.04169   0.07971  0.002722
   331/499     8.69G   0.02649    0.0229 0.0006627   0.05006       595       640      0.65    0.6566    0.6556     0.286   0.04066   0.07874  0.002779
   332/499     8.69G   0.02276   0.02154 0.0003919   0.04469       783       640    0.6478    0.6608    0.6542    0.2776   0.04133   0.07914  0.002807
   333/499     8.69G   0.02642   0.02227 0.0006705   0.04935       576       640    0.6441    0.6602    0.6508    0.2754   0.04124   0.07972  0.002699
   334/499     8.69G   0.02261   0.02091 0.0002569   0.04378       737       640    0.6452    0.6677     0.661    0.2854   0.04099   0.07789  0.002645
   335/499     8.69G   0.02246   0.02264 0.0003452   0.04545       856       640    0.6298    0.6821    0.6588    0.2843   0.04096   0.07752  0.002647
   336/499     8.69G   0.02253   0.02185 0.0003169   0.04469       682       640    0.6479    0.6651    0.6607     0.294   0.04027   0.07785  0.002622
   337/499     8.69G   0.02298   0.02196 0.0003292   0.04527       705       640    0.6253    0.6987     0.665    0.2986   0.03957   0.07736  0.002654
   338/499     8.69G   0.02251   0.02205  0.000432   0.04499      1102       640     0.647      0.67    0.6622    0.2992   0.03963   0.07727  0.002634
   339/499     8.69G   0.02201   0.02228  0.000278   0.04457       622       640    0.6655    0.6356    0.6575    0.2911   0.04031   0.07878  0.002753
   340/499     8.69G   0.02268   0.02116 0.0003126   0.04415       794       640    0.6582    0.6229    0.6364    0.2692   0.04134   0.08037  0.002808
   341/499     8.69G   0.02236   0.02158  0.000309   0.04426       660       640    0.6461     0.682    0.6648    0.2928   0.03986   0.07731  0.002748
   342/499     8.69G   0.02268   0.02213 0.0003707   0.04518       630       640    0.6653    0.6529    0.6582    0.2863   0.04033   0.07816  0.002701
   343/499     8.69G   0.02598   0.02204 0.0007248   0.04875       575       640     0.606    0.6942    0.6473    0.2744    0.0409   0.07915   0.00269
   344/499     8.69G   0.02928   0.02146 0.0009706   0.05171       754       640    0.6601    0.6534    0.6582    0.2888   0.03999   0.07823  0.002849
   345/499     8.69G   0.02991   0.02151  0.001082    0.0525       681       640    0.6359    0.6752    0.6511    0.2892   0.03974   0.07754  0.002767
   346/499     8.69G   0.02573   0.02228 0.0006944    0.0487       605       640     0.632     0.678    0.6469      0.29   0.04006   0.07761  0.002756
   347/499     8.69G   0.02224   0.02263 0.0003079   0.04518       628       640    0.6436    0.6665    0.6471    0.2804   0.04075   0.07836  0.002775
   348/499     8.69G   0.02237   0.02312 0.0003088    0.0458       671       640    0.6158    0.6995     0.653    0.2881   0.03989   0.07856  0.002808
   349/499     8.69G   0.02583   0.02216 0.0006315   0.04862       844       640    0.6365    0.6521     0.645    0.2818   0.04019   0.07962  0.002859
   350/499     8.69G   0.02641   0.02189 0.0007043   0.04901       590       640    0.6344    0.6742    0.6507    0.2817   0.04015   0.07816  0.002848
   351/499     8.69G   0.02228   0.02241  0.000317     0.045       890       640    0.6472     0.654    0.6467    0.2824   0.04039   0.07859  0.002792
   352/499     8.69G   0.02196   0.02151 0.0003077   0.04378       676       640    0.6427    0.6596    0.6468    0.2873   0.04025   0.07815  0.002816
   353/499     8.69G   0.02203    0.0224 0.0003101   0.04474       988       640    0.6344    0.6864    0.6583    0.2927   0.03988   0.07814  0.002876
   354/499     8.69G    0.0256   0.02158 0.0006101   0.04779       612       640    0.6369    0.6725    0.6496    0.2831    0.0401   0.07894  0.002704
   355/499     8.69G   0.02643   0.02213 0.0006779   0.04923       747       640    0.6487    0.6675    0.6554    0.2861   0.03994    0.0795  0.002695
   356/499     8.69G   0.02211   0.02103 0.0003385   0.04348       706       640    0.6606    0.6473    0.6564    0.2865   0.03994   0.08009  0.002703
   357/499     8.69G   0.02231   0.02125 0.0003223   0.04389       556       640    0.6475    0.6676    0.6644    0.2895   0.03976    0.0795  0.002729
   358/499     8.69G   0.02554   0.02361  0.000693   0.04984       660       640    0.6186    0.6772    0.6464     0.279   0.04045   0.07936  0.002726
   359/499     8.69G   0.02225   0.02148 0.0003368   0.04406       709       640    0.6322    0.6715    0.6556    0.2901   0.04007   0.07886   0.00269
   360/499     8.69G   0.02514   0.02308 0.0006665   0.04888       616       640    0.6507    0.6533    0.6486    0.2879   0.03982   0.07905  0.002589
   361/499     8.69G    0.0251   0.02198 0.0005952   0.04767       498       640    0.6116    0.6972    0.6497    0.2862   0.03965   0.07939  0.002654
   362/499     8.69G   0.02206   0.02199 0.0002759   0.04433       986       640    0.6198    0.6859    0.6504    0.2828    0.0402   0.07945  0.002682
   363/499     8.69G   0.02178   0.02138 0.0003541   0.04352       769       640    0.6623    0.6307    0.6477    0.2834    0.0402   0.07898  0.002673
   364/499     8.69G   0.02179   0.02221 0.0003179   0.04431       682       640    0.6301    0.6641    0.6502     0.281   0.04048   0.07932  0.002776
   365/499     8.69G   0.02542   0.02183 0.0006731   0.04792       673       640    0.6224    0.6947    0.6554    0.2888   0.03977   0.07876  0.002778
   366/499     8.69G   0.02169   0.02203 0.0002762   0.04399       660       640     0.633    0.6506    0.6384    0.2707   0.04083    0.0807   0.00268
   367/499     8.69G   0.02208   0.02345 0.0003221   0.04586       825       640     0.665    0.6329    0.6404    0.2768   0.04049   0.08069  0.002646
   368/499     8.69G   0.02191   0.02189 0.0003028    0.0441       673       640    0.6458     0.668    0.6419    0.2737   0.04045   0.08007  0.002717
   369/499     8.69G   0.02993    0.0221 0.0009422   0.05297       695       640    0.6413    0.6857    0.6587    0.2903   0.03959   0.07893  0.002664
   370/499     8.69G    0.0256   0.02135 0.0006664   0.04762       623       640    0.6338    0.7004    0.6551    0.2899   0.03965   0.07889  0.002675
   371/499     8.69G   0.02554   0.02269 0.0006129   0.04884       793       640    0.6407    0.6812    0.6569    0.2854   0.04018   0.07861  0.002729
   372/499     8.69G   0.03348   0.02043  0.001319   0.05523       745       640    0.6189    0.6886    0.6519    0.2831    0.0401   0.07912  0.002815
   373/499     8.69G   0.02207   0.02129 0.0003296   0.04369       692       640    0.6271    0.6555    0.6446    0.2769   0.04057   0.08044  0.002777
   374/499     8.69G   0.02213   0.02135 0.0003051   0.04379       755       640    0.6261    0.6864    0.6539    0.2898   0.04026    0.0786  0.002781
   375/499     8.69G   0.02538   0.02303 0.0006565   0.04906       828       640    0.6257    0.6841    0.6519    0.2883   0.04003   0.07952   0.00284
   376/499     8.69G   0.02214   0.02159 0.0002533   0.04398       500       640    0.6561    0.6545    0.6536    0.2916    0.0397   0.07886  0.002835
   377/499     8.69G   0.02182   0.02131 0.0003056   0.04343       811       640    0.6138    0.6999    0.6485    0.2908   0.04015   0.07912  0.002762
   378/499     8.69G   0.02198   0.02173 0.0002855   0.04399       707       640     0.675    0.6332    0.6481    0.2828   0.04056   0.07987  0.002679
   379/499     8.69G   0.02163   0.02191 0.0002987   0.04384       693       640    0.6309    0.6682    0.6398     0.277   0.04092    0.0798  0.002682
   380/499     8.69G   0.02884   0.02148 0.0009974   0.05132       745       640     0.643    0.6503    0.6445    0.2791   0.04082   0.07952  0.002649
   381/499     8.69G   0.02164   0.02171 0.0003208   0.04368       662       640    0.6205    0.6936     0.651    0.2874   0.04017   0.07942  0.002632
   382/499     8.69G   0.02525   0.02159 0.0006775   0.04752       522       640    0.6263    0.6853    0.6439    0.2891   0.03973   0.07963  0.002597
   383/499     8.69G   0.02155   0.02139 0.0003205   0.04326       894       640    0.6457    0.6571    0.6344    0.2857   0.04023   0.07999  0.002715
   384/499     8.69G   0.02854   0.02142  0.001027   0.05099       599       640    0.6278    0.6658    0.6393    0.2857   0.04026   0.07974  0.002778
   385/499     8.69G   0.02559   0.02057 0.0006043   0.04677       691       640    0.6509    0.6468    0.6376    0.2823   0.04021   0.07988    0.0027
   386/499     8.69G   0.02123   0.02152 0.0003174   0.04307       526       640    0.6432    0.6637    0.6442    0.2826   0.04022   0.07972  0.002709
   387/499     8.69G    0.0251   0.02103 0.0005985   0.04673       770       640    0.6268    0.6658    0.6323    0.2726   0.04085   0.08089  0.002688
   388/499     8.69G   0.02184   0.02217 0.0002992   0.04431       719       640    0.6422    0.6622    0.6388    0.2744   0.04058   0.08097  0.002743
   389/499     8.69G    0.0212   0.02137 0.0003122   0.04288       719       640     0.617    0.6939     0.645    0.2831   0.03991   0.08044  0.002782
   390/499     8.69G   0.03193   0.02135  0.001271   0.05455       472       640    0.6158    0.6908    0.6405    0.2823   0.04006   0.08085  0.002805
   391/499     8.69G    0.0254   0.02181 0.0006293   0.04784       613       640    0.6159       0.7    0.6426    0.2841    0.0399   0.08109  0.002792
   392/499     8.69G   0.02531   0.02158 0.0005718   0.04745       610       640    0.6305    0.6757    0.6386    0.2827   0.03979     0.081  0.002744
   393/499     8.69G   0.02458   0.02102 0.0005686   0.04618       677       640    0.6275    0.6831    0.6385    0.2807   0.03981   0.08068  0.002753
   394/499     8.69G   0.02126   0.02068 0.0002674   0.04221       782       640    0.6314    0.6684    0.6371    0.2818   0.04002   0.08106  0.002802
   395/499     8.69G   0.02547   0.02164 0.0006127   0.04773       688       640    0.6164    0.6942    0.6402    0.2816   0.04005   0.08072  0.002852
   396/499     8.69G   0.02463   0.02084  0.000675   0.04614       613       640    0.6375    0.6674    0.6401     0.283   0.04014   0.08101  0.002891
   397/499     8.69G   0.02417   0.02056 0.0005879   0.04532       639       640    0.6602    0.6551    0.6489     0.285   0.03983   0.08062  0.002926
   398/499     8.69G   0.02568     0.022 0.0006557   0.04834       610       640    0.6367    0.6734    0.6427    0.2844   0.03997    0.0809  0.002979
   399/499     8.69G   0.02478   0.02138 0.0006146   0.04677       436       640    0.6243      0.68    0.6317    0.2764   0.04023   0.08084   0.00297
   400/499     8.69G   0.02107   0.02145 0.0002641   0.04278       678       640    0.6393     0.655    0.6276    0.2724   0.04017   0.08065  0.002911
   401/499     8.69G   0.02134     0.021   0.00029   0.04263       572       640    0.6222    0.6669    0.6302    0.2662   0.04072    0.0815  0.002868
   402/499     8.69G   0.03205   0.02109  0.001421   0.05456       606       640      0.62      0.69    0.6434    0.2809   0.04009   0.08013  0.002878
   403/499     8.69G    0.0253   0.02234 0.0005788   0.04822       584       640     0.616    0.6898    0.6352    0.2796      0.04    0.0801  0.002865
   404/499     8.69G   0.02105   0.02191 0.0002698   0.04323       732       640    0.6359    0.6516    0.6296     0.273   0.04054   0.08086  0.002818
   405/499     8.69G   0.02454    0.0218 0.0007021   0.04704       791       640    0.6183     0.691    0.6412    0.2842   0.03995   0.08016  0.002818
   406/499     8.69G   0.02477   0.01981 0.0006113   0.04519       758       640    0.6128     0.692    0.6341    0.2814   0.04009   0.08043  0.002854
   407/499     8.69G   0.02154   0.02138 0.0002461   0.04317       886       640    0.6164    0.6825    0.6345    0.2791   0.03969   0.08056  0.002672
   408/499     8.69G   0.02122   0.02206 0.0002819   0.04356       737       640     0.645    0.6526    0.6353    0.2823   0.03955   0.08004  0.002714
   409/499     8.69G   0.02109    0.0216 0.0002968   0.04299       638       640    0.6173    0.6769    0.6263    0.2717   0.03997   0.08176  0.002694
   410/499     8.69G    0.0279   0.02167  0.001033    0.0506       646       640    0.6293    0.6733    0.6371    0.2736   0.03998   0.08173  0.002669
   411/499     8.69G   0.02126   0.02164 0.0002711   0.04317       607       640    0.6482    0.6503    0.6316    0.2755   0.03994   0.08078  0.002695
   412/499     8.69G   0.02436   0.02076 0.0006243   0.04574       581       640    0.6483    0.6335    0.6217    0.2684   0.04058   0.08167  0.002744
   413/499     8.69G   0.02128   0.02157 0.0003014   0.04316       831       640    0.6225    0.6587    0.6192    0.2646   0.04049   0.08154  0.002696
   414/499     8.69G   0.02495   0.02188 0.0006009   0.04743       826       640    0.6363    0.6519    0.6271    0.2759   0.03991   0.08142  0.002657
   415/499     8.69G   0.02809   0.02174 0.0009967   0.05083       670       640    0.6409    0.6615    0.6334     0.282   0.03945    0.0812  0.002637
   416/499     8.69G   0.02147   0.02184 0.0002611   0.04357       613       640    0.6074    0.6878    0.6263    0.2804    0.0396   0.08137  0.002752
   417/499     8.69G   0.02454   0.01999 0.0005689    0.0451       483       640    0.6326    0.6619    0.6268    0.2766   0.03982   0.08192  0.002698
   418/499     8.69G   0.03172   0.02181  0.001283   0.05482       563       640    0.6276    0.6653    0.6271    0.2768   0.03982   0.08249  0.002662
   419/499     8.69G   0.02087   0.02069 0.0002684   0.04182       714       640    0.6053    0.6874    0.6274    0.2727   0.04017   0.08212  0.002688
   420/499     8.69G     0.021   0.02058 0.0002402   0.04182       842       640    0.6304    0.6604    0.6228    0.2714   0.04033   0.08084  0.002681
   421/499     8.69G   0.02077   0.02058 0.0002933   0.04165       700       640    0.6183    0.6803    0.6318    0.2761   0.03996   0.08068  0.002747
   422/499     8.69G   0.02497   0.02207 0.0006387   0.04768       625       640    0.6135    0.6798    0.6296    0.2749   0.04008   0.08169   0.00277
   423/499     8.69G   0.02075   0.02252 0.0002758   0.04355       635       640    0.6482    0.6439    0.6296    0.2771    0.0399   0.08193   0.00271
   424/499     8.69G   0.02485   0.02025 0.0005709   0.04567       926       640     0.641    0.6568    0.6212    0.2706   0.04015   0.08203  0.002783
   425/499     8.69G   0.02066   0.02144  0.000223   0.04232       826       640    0.6231    0.6732    0.6178    0.2708    0.0401   0.08167  0.002837
   426/499     8.69G   0.02479    0.0207 0.0006079    0.0461       748       640    0.6211     0.671    0.6178    0.2687   0.04016   0.08138  0.002833
   427/499     8.69G   0.02093   0.02106 0.0002328   0.04222       811       640    0.6166    0.6815    0.6253    0.2725   0.04003   0.08173  0.002775
   428/499     8.69G   0.02096   0.02101 0.0002417   0.04221       796       640    0.6387    0.6555    0.6331    0.2791   0.03995   0.08106  0.002667
   429/499     8.69G   0.02805   0.02155 0.0009535   0.05055       727       640    0.6124    0.6912     0.631    0.2732    0.0401   0.08123  0.002676
   430/499     8.69G   0.02091   0.02049 0.0002959    0.0417       807       640    0.6062    0.6907    0.6254    0.2689   0.04042    0.0812  0.002781
   431/499     8.69G   0.02062   0.02079 0.0002707   0.04169       570       640    0.6265    0.6679    0.6239    0.2676    0.0406   0.08167  0.002791
   432/499     8.69G   0.02434   0.02137 0.0006708   0.04638       576       640    0.6185    0.6771    0.6213    0.2669   0.04056   0.08232  0.002756
   433/499     8.69G   0.02063    0.0207 0.0002784   0.04162       699       640    0.6349     0.664    0.6227    0.2705   0.04055   0.08165  0.002843
   434/499     8.69G   0.02504   0.02044 0.0006579   0.04614       602       640    0.6369    0.6579    0.6254    0.2752   0.04022   0.08192  0.002839
   435/499     8.69G   0.02426   0.02105 0.0006141   0.04593       598       640     0.636    0.6603    0.6282    0.2776   0.04046   0.08239  0.002938
   436/499     8.69G   0.02093   0.01981 0.0002451   0.04099       621       640    0.6522    0.6441    0.6295    0.2781   0.04032   0.08256  0.002934
   437/499     8.69G   0.02486   0.02062 0.0006354   0.04611       653       640    0.6334    0.6697    0.6327    0.2794   0.04007   0.08203  0.002913
   438/499     8.69G   0.02463   0.02073 0.0006315   0.04599       588       640     0.607     0.687     0.621    0.2714   0.04046    0.0824  0.002941
   439/499     8.69G    0.0286   0.02035  0.001004   0.04995       799       640    0.6208    0.6648     0.622    0.2687   0.04045   0.08179   0.00298
   440/499     8.69G   0.02418   0.02185 0.0005903   0.04662       906       640    0.6051    0.6774    0.6114    0.2683   0.04042   0.08221  0.002982
   441/499     8.69G   0.02064   0.02047 0.0003158   0.04143       692       640     0.627    0.6693    0.6205    0.2725   0.04029   0.08176  0.002949
   442/499     8.69G   0.02422   0.02089 0.0005972   0.04571       490       640    0.6023     0.693    0.6143    0.2621   0.04067   0.08205  0.002895
   443/499     8.69G    0.0206   0.02081 0.0002448   0.04165       627       640    0.6123    0.6732    0.6144    0.2625    0.0408   0.08149  0.002945
   444/499     8.69G   0.02754   0.02143 0.0009445   0.04992       780       640    0.6267    0.6689    0.6178    0.2674   0.04059   0.08137  0.003001
   445/499     8.69G   0.02042   0.02015 0.0002513   0.04082       681       640    0.6364    0.6642    0.6176    0.2738   0.04023   0.08171  0.002963
   446/499     8.69G   0.02394   0.02036 0.0006424   0.04494       585       640    0.6425    0.6611    0.6214     0.271   0.04025   0.08276  0.002904
   447/499     8.69G   0.02093   0.02181 0.0002937   0.04304       543       640    0.6228    0.6847    0.6206      0.27    0.0404     0.083  0.002926
   448/499     8.69G   0.02053    0.0211 0.0002623   0.04189       768       640     0.624     0.668    0.6171    0.2707   0.04017   0.08301  0.002901
   449/499     8.69G   0.02481   0.02126 0.0005944   0.04666       726       640    0.6381    0.6569    0.6174    0.2696    0.0403   0.08331  0.002884
   450/499     8.69G   0.02397   0.01946 0.0006002   0.04403       539       640    0.6223    0.6756    0.6192    0.2695   0.04026   0.08306  0.002897
   451/499     8.69G   0.02036   0.02065 0.0002789   0.04129       577       640    0.6124     0.697    0.6231     0.273   0.04001   0.08181  0.002877
   452/499     8.69G   0.02044   0.02069 0.0003067   0.04144       578       640    0.6254    0.6709    0.6168     0.272   0.04009   0.08183  0.002873
   453/499     8.69G   0.03128   0.01969  0.001313   0.05229       645       640    0.6117    0.6768    0.6093    0.2673    0.0403   0.08208  0.002897
   454/499     8.69G   0.02079   0.02158 0.0002695   0.04264       695       640    0.6419    0.6448    0.6129    0.2686   0.04008   0.08234  0.002839
   455/499     8.69G   0.02043   0.02036 0.0002935   0.04109       779       640    0.6302    0.6506    0.6067    0.2655   0.04005   0.08251  0.002797
   456/499     8.69G   0.02767   0.02073 0.0009771   0.04937       723       640    0.5989    0.6803    0.6005    0.2616   0.04055    0.0832  0.002776
   457/499     8.69G   0.02076   0.02016 0.0002365   0.04116       583       640    0.6513    0.6193    0.6055    0.2621   0.04072   0.08357   0.00283
   458/499     8.69G   0.02374   0.01962  0.000609   0.04397       784       640    0.6165    0.6513    0.6049    0.2623   0.04051   0.08343  0.002839
   459/499     8.69G   0.02038   0.01971 0.0002481   0.04035       598       640    0.6388    0.6389    0.6117    0.2643    0.0406   0.08346    0.0028
   460/499     8.69G   0.02041   0.01931 0.0002711   0.03999       527       640    0.6386    0.6441    0.6158    0.2678   0.04042   0.08353  0.002783
   461/499     8.69G   0.02044   0.02057 0.0002761   0.04129       972       640    0.6194    0.6672     0.619    0.2703   0.04029   0.08311  0.002791
   462/499     8.69G   0.01992   0.02018 0.0002142   0.04032       614       640    0.6121    0.6756    0.6183    0.2686   0.04052   0.08325  0.002836
   463/499     8.69G   0.02451   0.02117 0.0006029   0.04628       655       640    0.6243     0.664    0.6134    0.2707   0.04029    0.0831  0.002859
   464/499     8.69G   0.02059   0.01966 0.0002326   0.04049       552       640    0.6243    0.6675    0.6147    0.2656   0.04039   0.08333  0.002914
   465/499     8.69G   0.02016   0.01941 0.0002702   0.03984       652       640    0.6336    0.6501    0.6126     0.268   0.04028   0.08343  0.002899
   466/499     8.69G   0.02005   0.01985 0.0002511   0.04015       673       640    0.6235    0.6755    0.6156    0.2685    0.0402   0.08334  0.002873
   467/499     8.69G   0.02368   0.01997 0.0006069   0.04426       725       640     0.636    0.6571    0.6116     0.269   0.04019   0.08295   0.00292
   468/499     8.69G   0.01989   0.02069 0.0002255   0.04081       570       640    0.6297    0.6602    0.6198    0.2697   0.04019   0.08313  0.002917
   469/499     8.69G   0.02382   0.02172  0.000617   0.04616       726       640    0.6237    0.6491    0.6153    0.2678   0.04038   0.08311  0.002987
   470/499     8.69G   0.02694   0.02003 0.0009169   0.04788       674       640     0.623    0.6607    0.6161    0.2699   0.04042   0.08316  0.003003
   471/499     8.69G   0.02043   0.01978 0.0002713   0.04048       554       640    0.6276    0.6521    0.6118    0.2657   0.04056   0.08375  0.002951
   472/499     8.69G   0.02035   0.01959 0.0002685   0.04021       564       640    0.6096    0.6811    0.6177    0.2671   0.04055   0.08369   0.00293
   473/499     8.69G   0.02383   0.02123 0.0006576   0.04572       572       640    0.6244    0.6596    0.6158    0.2656   0.04044   0.08379    0.0029
   474/499     8.69G   0.02364   0.01984  0.000603   0.04408       486       640    0.6246    0.6498    0.6106    0.2651    0.0404   0.08438   0.00296
   475/499     8.69G   0.02351   0.02128 0.0006322   0.04542       746       640    0.6376    0.6598     0.619    0.2708   0.03999    0.0841  0.002951
   476/499     8.69G   0.02728   0.01997 0.0009739   0.04823       794       640    0.6158    0.6755    0.6192    0.2741   0.03976   0.08396  0.002884
   477/499     8.69G   0.02034   0.02129 0.0002311   0.04186       678       640    0.6142    0.6793    0.6142     0.268   0.04019   0.08404  0.002911
   478/499     8.69G   0.02756   0.02056 0.0009122   0.04904       652       640    0.6096     0.673    0.6104    0.2644   0.04036   0.08289  0.002945
   479/499     8.69G   0.02338   0.02125 0.0005556   0.04519       660       640    0.6199    0.6626    0.6105    0.2674   0.04024   0.08281  0.002937
   480/499     8.69G   0.02055   0.02093 0.0002947   0.04178       938       640    0.5915    0.6982    0.6096    0.2692   0.04011   0.08287  0.002949
   481/499     8.69G   0.02371   0.02004 0.0005954   0.04435       735       640    0.5969    0.6983    0.6119    0.2669   0.04022     0.083  0.002951
   482/499     8.69G   0.01997   0.02048 0.0002739   0.04073       728       640    0.6184    0.6644    0.6085    0.2646   0.04044   0.08332  0.002874
   483/499     8.69G   0.02351   0.02084 0.0006073   0.04496       796       640    0.6224    0.6645    0.6172      0.27   0.04027   0.08324   0.00286
   484/499     8.69G    0.0233    0.0206 0.0005939    0.0445       763       640    0.5993    0.6909    0.6141    0.2711   0.04028   0.08356  0.002876
   485/499     8.69G   0.01979   0.01971 0.0002643   0.03977       651       640     0.639    0.6499     0.614    0.2699   0.04022    0.0835   0.00283
   486/499     8.69G   0.02353   0.02038 0.0005576   0.04447       765       640    0.6325    0.6439    0.6045    0.2654   0.04028   0.08322  0.002823
   487/499     8.69G   0.02396   0.02096  0.000588    0.0455       996       640    0.6318    0.6437    0.6031    0.2609   0.04061   0.08372  0.002828
   488/499     8.69G   0.02385   0.02014 0.0005794   0.04457       906       640    0.6118    0.6591    0.6023    0.2615   0.04071   0.08439  0.002873
   489/499     8.69G    0.0202   0.02072 0.0002342   0.04115       535       640    0.6299     0.653    0.6087    0.2645   0.04042   0.08421  0.002888
   490/499     8.69G   0.02085   0.02062 0.0002855   0.04175       909       640    0.6372    0.6497    0.6076    0.2656   0.04045   0.08414  0.002958
   491/499     8.69G   0.03145    0.0198  0.001296   0.05254       790       640    0.6251    0.6614    0.6064     0.262   0.04057   0.08464  0.002918
   492/499     8.69G   0.02016   0.01948  0.000261   0.03991       533       640    0.6122     0.677    0.6079     0.262   0.04065   0.08477  0.002895
   493/499     8.69G   0.02003   0.02033 0.0002686   0.04062       665       640    0.6186    0.6735    0.6163    0.2665   0.04042   0.08389  0.002887
   494/499     8.69G   0.02387    0.0203   0.00061   0.04478       649       640    0.6278    0.6655    0.6183     0.268   0.04021   0.08359  0.002914
   495/499     8.69G   0.02005   0.01972 0.0002522   0.04003       675       640     0.626    0.6642    0.6171    0.2666   0.04022   0.08399  0.002922
   496/499     8.69G   0.02369   0.02081 0.0006114    0.0451       762       640    0.6287    0.6485    0.6121    0.2658   0.04057   0.08465  0.002972
   497/499     8.69G   0.02445   0.02022  0.000657   0.04533       736       640    0.6035    0.6843    0.6141    0.2653   0.04054    0.0845  0.002914
   498/499     8.69G   0.01948   0.01962 0.0002364   0.03934       745       640     0.632    0.6563    0.6123    0.2656   0.04028   0.08476  0.002841
   499/499     8.69G   0.02374   0.02099 0.0006016   0.04534      1019       640    0.6454    0.6355    0.6116     0.266   0.04025   0.08455  0.002889
