      0/99     5.95G   0.05119   0.04649  0.007005    0.1047       175       640    0.4866    0.5119     0.479    0.2345   0.06629    0.1106   0.01049
      1/99     11.6G   0.03792   0.02687  0.001604   0.06639       143       640    0.5302    0.5212    0.5145    0.2695   0.06165    0.1092   0.01104
      2/99     11.6G   0.03878   0.02753   0.00184   0.06815       134       640    0.5105    0.5139    0.5022     0.255   0.07444    0.1171   0.01093
      3/99     11.6G    0.0399    0.0269  0.002423   0.06922       219       640    0.5807    0.5352    0.5544    0.3091   0.08163      0.11   0.01251
      4/99     11.6G   0.03763   0.02534  0.002272   0.06523       238       640    0.5942    0.5666    0.5873    0.3423   0.08035     0.109   0.01263
      5/99     11.6G   0.03632   0.02415  0.002229    0.0627       154       640    0.5996    0.5851    0.6062    0.3615   0.07952     0.109   0.01273
      6/99     11.6G   0.03575   0.02357   0.00223   0.06155       143       640    0.6261    0.5763    0.6192    0.3751   0.07879    0.1094   0.01275
      7/99     11.6G   0.03529   0.02294  0.002213   0.06044       234       640    0.6218    0.5934    0.6297    0.3868   0.07809    0.1101   0.01263
      8/99     11.6G   0.03458    0.0226  0.002191   0.05937       168       640    0.6331    0.5974    0.6404    0.3989   0.07729    0.1111   0.01239
      9/99     11.6G   0.03389   0.02218  0.002164   0.05824       150       640    0.6629    0.5837    0.6498    0.4107   0.07649    0.1121    0.0122
     10/99     11.6G   0.03512   0.02272   0.00233   0.06017       175       640    0.6661    0.5934     0.659    0.4226   0.07548    0.1128   0.01206
     11/99     11.6G   0.03446   0.02336  0.002311   0.06013       209       640    0.6752    0.5983     0.667    0.4336   0.07423    0.1145   0.01194
     12/99     11.6G   0.03364   0.02257  0.002208   0.05842       137       640    0.7002    0.5894    0.6731    0.4432   0.07309    0.1171   0.01169
     13/99     11.6G   0.03352   0.02241  0.002204   0.05813       188       640    0.6917     0.605    0.6772    0.4509    0.0721    0.1194    0.0114
     14/99     11.6G   0.03338   0.02218  0.002203   0.05777       163       640    0.7018    0.6028    0.6816    0.4579   0.07126     0.122   0.01116
     15/99     11.6G   0.03237   0.02179  0.002131   0.05629       171       640    0.6946    0.6132    0.6838    0.4637    0.0706    0.1246   0.01105
     16/99     11.6G   0.03179   0.02161  0.002091   0.05549       156       640    0.7112     0.609    0.6881     0.471   0.06999     0.127     0.011
     17/99     11.6G   0.03218   0.02136  0.002136   0.05568       231       640    0.7198    0.6112    0.6922    0.4771   0.06955    0.1294   0.01102
     18/99     11.6G   0.03217   0.02123  0.002145   0.05555       154       640    0.7172    0.6182     0.693    0.4801   0.06926    0.1317   0.01107
     19/99     11.6G   0.03204   0.02099  0.002135   0.05516       280       640    0.7223     0.621    0.6962     0.484   0.06899    0.1339   0.01107
     20/99     11.6G   0.03238   0.02092  0.002173   0.05546       199       640    0.7264    0.6214     0.698    0.4872    0.0688    0.1361   0.01109
     21/99     11.6G   0.03205   0.02076  0.002159   0.05497       235       640    0.7423    0.6147    0.7004    0.4904   0.06863    0.1383   0.01111
     22/99     11.6G   0.03162   0.02069   0.00212   0.05443       150       640    0.7392    0.6165    0.7006    0.4919   0.06853    0.1402   0.01115
     23/99     11.6G   0.03142   0.02059   0.00211   0.05413       164       640    0.7414    0.6157    0.7003    0.4929   0.06851    0.1418   0.01125
     24/99     11.6G   0.03191   0.02041  0.002156   0.05448       239       640    0.7382    0.6192    0.7006    0.4946   0.06841    0.1436   0.01129
     25/99     11.6G   0.03123   0.01995   0.00211   0.05328       244       640     0.741    0.6205     0.702    0.4972   0.06832    0.1452   0.01134
     26/99     11.6G    0.0319   0.01988   0.00216   0.05394       177       640    0.7404    0.6226    0.7026    0.4983   0.06822    0.1467   0.01136
     27/99     11.6G    0.0317   0.02014  0.002009   0.05385       180       640    0.7376    0.6259    0.7015    0.4975   0.06832    0.1478   0.01139
     28/99     11.6G   0.03398   0.02181  0.001881   0.05768       198       640    0.7407    0.6134     0.692    0.4865   0.06877    0.1467    0.0113
     29/99     11.6G   0.03314   0.02103  0.001803   0.05598       176       640    0.7329    0.6042    0.6818    0.4751   0.06921    0.1473   0.01119
     30/99     11.6G   0.03485   0.02227  0.001627   0.05875       137       640    0.7165    0.5928     0.663    0.4583   0.07007    0.1465   0.01118
     31/99     11.6G   0.03382   0.02185  0.001769   0.05744       168       640    0.7097    0.5969    0.6599    0.4506   0.07027    0.1467   0.01091
     32/99     11.6G   0.03479   0.02222  0.001715   0.05872       174       640    0.7194    0.5968    0.6644    0.4503   0.07002    0.1466   0.01071
     33/99     11.6G    0.0335   0.02101  0.001772   0.05628       112       640    0.7266    0.6043    0.6739    0.4566   0.06952    0.1462   0.01063
     34/99     11.6G   0.03313   0.02074  0.001534    0.0554       139       640    0.7279    0.6097    0.6786     0.462   0.06916    0.1462   0.01069
     35/99     11.6G   0.03782   0.02471  0.001655   0.06419       172       640    0.6983    0.6034    0.6616    0.4305   0.07032    0.1424   0.01091
     36/99     11.6G    0.0352   0.02288  0.001499   0.05958       200       640    0.7004    0.5983    0.6601    0.4251   0.07052    0.1415   0.01091
     37/99     11.6G   0.03662   0.02325  0.001615   0.06149       148       640    0.7081     0.589    0.6578    0.4248   0.07049    0.1404   0.01092
     38/99     11.6G   0.03557   0.02285  0.001444   0.05987       203       640    0.7109    0.5916    0.6612    0.4308   0.07011    0.1382   0.01103
     39/99     11.6G   0.03523   0.02268  0.001464   0.05937       171       640    0.6852    0.5761      0.64    0.4208   0.07017    0.1389   0.01153
     40/99     11.6G   0.03486   0.02248  0.001348   0.05868       217       640    0.6582    0.5768    0.6295    0.4173   0.06993    0.1398    0.0117
     41/99     11.6G   0.03439   0.02184   0.00135   0.05757       149       640    0.6673    0.5752    0.6359    0.4227   0.06963    0.1402   0.01199
     42/99     11.6G   0.03544   0.02228   0.00138    0.0591       221       640    0.6732    0.5847    0.6431    0.4277   0.06959    0.1396   0.01222
     43/99     11.6G   0.03502   0.02182  0.001364   0.05821       148       640    0.6916     0.582    0.6456    0.4269   0.06999    0.1394   0.01221
     44/99     11.6G   0.03585   0.02294  0.001359   0.06015       232       640    0.6851    0.5818    0.6418    0.4162   0.07072    0.1385   0.01228
     45/99     11.6G   0.03388   0.02091  0.001278   0.05607       219       640    0.7053    0.5695    0.6418    0.4168   0.07089    0.1394   0.01249
     46/99     11.6G   0.03431   0.02097  0.001306   0.05659       168       640    0.7073    0.5814    0.6515    0.4268   0.07038     0.141   0.01235
     47/99     11.6G   0.03323   0.02104  0.001245   0.05551       153       640    0.7165    0.5946    0.6667    0.4422   0.06951     0.143   0.01252
     48/99     11.6G   0.03423   0.02116  0.001255   0.05665       145       640    0.7133     0.607    0.6755    0.4515     0.069    0.1443   0.01261
     49/99     11.6G   0.03479   0.02162    0.0013   0.05771       208       640    0.7202    0.5996    0.6794    0.4565   0.06841    0.1446   0.01253
     50/99     11.6G   0.03346   0.02064  0.001243   0.05534       216       640    0.7179    0.6055    0.6831    0.4623   0.06804    0.1447   0.01253
     51/99     11.6G   0.03352   0.02057  0.001259   0.05535       157       640      0.73    0.6058    0.6873    0.4673   0.06778    0.1461   0.01247
     52/99     11.6G    0.0328   0.01984   0.00125   0.05389       186       640    0.7248    0.6172    0.6897    0.4711   0.06762     0.148   0.01251
     53/99     11.6G   0.03202    0.0187  0.001189   0.05191       181       640    0.7392    0.6155    0.6934    0.4757   0.06751      0.15   0.01254
     54/99     11.6G   0.03267   0.01928  0.001162    0.0531       153       640     0.725    0.6298    0.6952    0.4787    0.0675    0.1515   0.01264
     55/99     11.6G   0.03341   0.02112  0.001283   0.05581       137       640    0.7311    0.6094    0.6811    0.4678   0.06831    0.1512   0.01285
     56/99     11.6G   0.03245   0.01944  0.001167   0.05305       148       640    0.7201    0.6063    0.6713    0.4593   0.06889    0.1518   0.01292
     57/99     11.6G   0.03338   0.01915  0.001126   0.05366       112       640    0.7168    0.6149    0.6751    0.4636   0.06876    0.1523   0.01307
     58/99     11.6G   0.03471    0.0209  0.001185    0.0568       204       640    0.7232    0.6066    0.6714    0.4583    0.0691    0.1518   0.01311
     59/99     11.6G   0.03531   0.02205  0.001232   0.05859       175       640    0.6908    0.5788    0.6349    0.4225   0.07107     0.151    0.0134
     60/99     11.6G   0.03411   0.02086  0.001258   0.05623       182       640    0.6876    0.5813    0.6322    0.4181   0.07136    0.1509   0.01358
     61/99     11.6G   0.03324   0.02047  0.001188    0.0549       189       640    0.6953    0.5919    0.6426    0.4269    0.0708    0.1513   0.01349
     62/99     11.6G    0.0343   0.02129  0.001159   0.05675       243       640    0.6969    0.5763    0.6389    0.4274   0.07031    0.1538   0.01362
     63/99     11.6G   0.03377   0.02075  0.001169   0.05568       210       640    0.6946    0.5651    0.6319    0.4236   0.07047    0.1548   0.01388
     64/99     11.6G   0.03395   0.02027  0.001135   0.05535       128       640     0.711     0.574    0.6472    0.4359   0.06991    0.1537   0.01417
     65/99     11.6G   0.03321   0.01986  0.001149   0.05423       183       640    0.6992    0.5932    0.6551    0.4411   0.06957    0.1535   0.01416
     66/99     11.6G   0.03263   0.01952  0.001088   0.05323       191       640     0.716    0.5895    0.6591    0.4452    0.0694    0.1542   0.01426
     67/99     11.6G   0.03166   0.01833   0.00108   0.05108       214       640    0.7194    0.5999    0.6686     0.455   0.06897    0.1554   0.01424
     68/99     11.6G   0.03353   0.02008   0.00106   0.05468       168       640     0.712    0.6086    0.6697    0.4567   0.06896    0.1551   0.01467
     69/99     11.6G   0.03158   0.01861 0.0009765   0.05117        98       640    0.7209    0.6032    0.6693    0.4578   0.06902    0.1568   0.01477
     70/99     11.6G   0.03148   0.01852  0.001029   0.05103       127       640    0.7285    0.6009     0.671    0.4602   0.06904    0.1578   0.01488
     71/99     11.6G   0.03205   0.01868  0.001073   0.05181       207       640    0.7352    0.6037    0.6772    0.4669    0.0687    0.1594   0.01488
     72/99     11.6G    0.0316   0.01865  0.001012   0.05126       239       640    0.7325    0.6101    0.6803    0.4711   0.06852      0.16   0.01483
     73/99     11.6G   0.03295    0.0197 0.0009952   0.05364       176       640    0.7397    0.6077    0.6799    0.4731   0.06848    0.1591   0.01485
     74/99     11.6G   0.03278   0.01953  0.001096   0.05341       165       640    0.7364    0.6059    0.6764    0.4719   0.06853     0.159   0.01472
     75/99     11.6G    0.0329   0.01987  0.001084   0.05386       169       640    0.7368    0.6033    0.6747    0.4706   0.06846    0.1591   0.01446
     76/99     11.6G   0.03176   0.01881  0.001074   0.05165       163       640    0.7321    0.6104    0.6767    0.4723    0.0683    0.1594    0.0144
     77/99     11.6G   0.03196   0.01841  0.001038    0.0514       205       640    0.7258    0.6164    0.6764    0.4729   0.06829    0.1604   0.01437
     78/99     11.6G   0.03254   0.01983   0.00106   0.05343       172       640    0.7393    0.6027    0.6732    0.4729    0.0681    0.1615   0.01467
     79/99     11.6G   0.03143   0.01852  0.001025   0.05098       200       640    0.7319    0.6082    0.6739    0.4737   0.06801    0.1624   0.01482
     80/99     11.6G   0.03216   0.01896  0.001074   0.05219       156       640    0.7394    0.6015    0.6756    0.4797   0.06766    0.1613   0.01503
     81/99     11.6G   0.03147    0.0185  0.001002   0.05097       141       640    0.7236     0.609    0.6737    0.4797   0.06763    0.1618   0.01538
     82/99     11.6G   0.03105   0.01774  0.001043   0.04984       168       640    0.7301    0.6112    0.6768    0.4821   0.06757    0.1627   0.01545
     83/99     11.6G    0.0316   0.01798  0.001042   0.05062       158       640    0.7341    0.6139    0.6801    0.4836   0.06754    0.1628   0.01543
     84/99     11.6G   0.03298   0.02044  0.001133   0.05455       131       640     0.719    0.6007    0.6708    0.4684   0.06778     0.165   0.01545
     85/99     11.6G   0.03261   0.02022  0.001065    0.0539       151       640    0.6865    0.5595    0.6295    0.4313    0.0688    0.1685   0.01609
     86/99     11.6G   0.03179   0.01852  0.001038   0.05135       115       640    0.6922    0.5642    0.6355    0.4378   0.06863    0.1679   0.01605
     87/99     11.6G   0.03123    0.0182  0.001018   0.05044       191       640    0.6945    0.5719    0.6409    0.4434   0.06851    0.1683   0.01596
     88/99     11.6G    0.0313   0.01832 0.0009727    0.0506       163       640    0.6998    0.5851    0.6519    0.4522   0.06835    0.1673   0.01586
     89/99     11.6G     0.031    0.0181  0.001005    0.0501       178       640    0.7077    0.5958    0.6621    0.4609   0.06812    0.1668   0.01574
     90/99     11.6G   0.03107   0.01778  0.001003   0.04985       180       640    0.7232    0.6001    0.6714    0.4694   0.06786     0.166   0.01547
     91/99     11.6G   0.03096   0.01765 0.0009793   0.04959       255       640    0.7252    0.6095     0.678    0.4754   0.06772    0.1666    0.0153
     92/99     11.6G   0.03107   0.01792 0.0009484   0.04994       162       640    0.7383    0.6075    0.6816    0.4782   0.06767    0.1668    0.0152
     93/99     11.6G   0.03099   0.01842   0.00103   0.05044       219       640    0.7142    0.6047    0.6688    0.4688   0.06809     0.168   0.01515
     94/99     11.6G   0.03077   0.01776 0.0009464   0.04948       167       640    0.7229    0.6017    0.6687    0.4698   0.06823    0.1682   0.01504
     95/99     11.6G   0.03121   0.01795 0.0009853   0.05014       171       640     0.727    0.6091    0.6735     0.474    0.0684    0.1675   0.01491
     96/99     11.6G   0.03086   0.01781   0.00101   0.04968       192       640    0.7374    0.6049    0.6749    0.4744    0.0686    0.1673   0.01474
     97/99     11.6G   0.03081   0.01782 0.0009878   0.04962       168       640    0.7323    0.6066    0.6713    0.4721   0.06885    0.1678   0.01456
     98/99     11.6G    0.0309   0.01723     0.001   0.04913       148       640    0.7385    0.6098    0.6751    0.4758   0.06863    0.1687   0.01489
     99/99     11.6G   0.03085   0.01696 0.0009498   0.04877       186       640    0.7409    0.6127    0.6766     0.478   0.06859    0.1696   0.01521
