      0/99     5.93G   0.05416   0.04836  0.008036    0.1106        43       640    0.5153    0.5333     0.512    0.2503   0.06846    0.1057   0.01032
      1/99     11.8G    0.0423   0.02663  0.002476    0.0714        37       640    0.5202    0.5515    0.5363     0.279   0.06604    0.1035   0.01063
      2/99     11.8G   0.04187   0.02681  0.002323     0.071        54       640    0.5317    0.5659    0.5583    0.2994   0.06485    0.1019   0.01108
      3/99     11.8G   0.03975   0.02747   0.00195   0.06917        52       640    0.5534    0.5695    0.5775    0.3199   0.06024    0.1027   0.01145
      4/99     11.8G   0.03737   0.03056  0.001688   0.06961        47       640    0.5542    0.5726    0.5834    0.3285   0.05669   0.09815   0.01096
      5/99     11.8G   0.03637   0.03108  0.001621   0.06907        33       640     0.565     0.566     0.588    0.3342   0.05668    0.0981   0.01101
      6/99     11.8G   0.03546   0.03105  0.001522   0.06803        31       640    0.5543    0.5808    0.5901    0.3377   0.05654   0.09833   0.01105
      7/99     11.8G   0.03474   0.03117  0.001411   0.06732        44       640    0.5502    0.5863     0.591      0.34   0.05628   0.09847   0.01105
      8/99     11.8G   0.03433   0.03123  0.001363   0.06692        66       640    0.5577    0.5805     0.593    0.3425   0.05614   0.09847   0.01108
      9/99     11.8G   0.03412   0.03122  0.001333   0.06667        20       640    0.5602    0.5796    0.5936    0.3434   0.05605   0.09846   0.01109
     10/99     11.8G   0.03386   0.03125  0.001304   0.06642        64       640    0.5593    0.5819    0.5943    0.3448   0.05586   0.09849   0.01115
     11/99     11.8G   0.03351   0.03123  0.001281   0.06602        47       640    0.5708    0.5703    0.5944    0.3452   0.05581   0.09856   0.01117
     12/99     11.8G   0.03341   0.03137  0.001219     0.066        58       640    0.5722    0.5716    0.5963    0.3475    0.0555   0.09864   0.01122
     13/99     11.8G   0.03389   0.03132   0.00132   0.06653        50       640    0.5752    0.5707    0.5971    0.3482    0.0554   0.09892    0.0113
     14/99     11.8G   0.03404   0.03145  0.001389   0.06687        33       640    0.5763    0.5698    0.5973    0.3486   0.05537    0.0995   0.01126
     15/99     11.8G   0.03401   0.03157  0.001355   0.06693        52       640     0.564    0.5786    0.5954    0.3482   0.05509    0.1001   0.01121
     16/99     11.8G   0.03379   0.03161   0.00134   0.06675        34       640     0.567    0.5717    0.5933     0.347   0.05518    0.1005   0.01116
     17/99     11.8G   0.03424   0.03161  0.001414   0.06727        48       640    0.5631    0.5754    0.5934    0.3466   0.05513     0.101   0.01108
     18/99     11.8G   0.03573   0.03154  0.001987   0.06927        43       640    0.5673     0.563    0.5883    0.3411   0.05599    0.1022   0.01076
     19/99     11.8G   0.03843   0.03129  0.002208   0.07193        60       640     0.556    0.5615    0.5797    0.3345    0.0713    0.1008   0.01014
     20/99     11.8G   0.03745   0.03106  0.002229   0.07074        82       640    0.5679    0.5568    0.5843    0.3377   0.07946   0.09924   0.01026
     21/99     11.8G   0.03738   0.03097  0.002245   0.07059        43       640    0.5668    0.5647    0.5897    0.3435   0.08072   0.09873   0.01064
     22/99     11.8G    0.0381   0.03103    0.0023   0.07143        46       640    0.5653    0.5656    0.5887    0.3416   0.08118   0.09899   0.01098
     23/99     11.8G    0.0375   0.03088  0.002237   0.07062        33       640    0.5392    0.5535    0.5599     0.315   0.08228   0.09907    0.0114
     24/99     11.8G    0.0389   0.03098  0.002327   0.07221        76       640    0.5514    0.5406    0.5588    0.3151   0.08224   0.09945   0.01154
     25/99     11.8G   0.03838   0.03098  0.002269   0.07163        40       640    0.5276    0.5623    0.5552    0.3141   0.08218   0.09963   0.01165
     26/99     11.8G   0.03761   0.03066   0.00224    0.0705        39       640    0.5452     0.544    0.5553    0.3138   0.08197   0.09972   0.01171
     27/99     11.8G   0.03746   0.03036  0.002237   0.07005        63       640    0.5504    0.5445    0.5594    0.3171    0.0816   0.09991   0.01174
     28/99     11.8G   0.03825    0.0304  0.002288   0.07094        44       640    0.5469    0.5444    0.5564    0.3158   0.08143    0.1001   0.01173
     29/99     11.8G   0.03769   0.03012  0.002219   0.07003        51       640     0.548    0.5571    0.5665    0.3247   0.08086    0.1007   0.01174
     30/99     11.8G   0.03757   0.02978  0.002205   0.06956        82       640    0.5646    0.5568    0.5776    0.3338   0.08032     0.101   0.01175
     31/99     11.8G   0.03747   0.02966     0.002   0.06913        40       640    0.5739    0.5668    0.5919     0.346   0.07965    0.1011   0.01182
     32/99     11.8G   0.03856   0.02994  0.001783   0.07029        51       640    0.5718    0.5782     0.599    0.3451   0.07947    0.1022   0.01197
     33/99     11.8G   0.03902   0.03041  0.002022   0.07146        46       640    0.5648    0.5612    0.5816    0.3276   0.08005    0.1033   0.01209
     34/99     11.8G   0.03814   0.02965   0.00212   0.06992        34       640    0.5677    0.5706    0.5904    0.3372   0.07959    0.1033   0.01223
     35/99     11.8G   0.03831    0.0297  0.001974   0.06998        56       640    0.5696    0.5905    0.6064    0.3528   0.07889    0.1032   0.01238
     36/99     11.8G   0.03863   0.02962  0.001918   0.07017        45       640    0.5718    0.6092    0.6206     0.368   0.07824    0.1031   0.01251
     37/99     11.8G   0.03825   0.02953   0.00204   0.06982        54       640     0.591    0.6008     0.629     0.377   0.07788    0.1031   0.01253
     38/99     11.8G   0.03902   0.02973  0.001949    0.0707        76       640    0.6066    0.5967    0.6359    0.3841   0.07758    0.1032   0.01251
     39/99     11.8G   0.03836    0.0296  0.001727   0.06968        33       640    0.5957    0.6157    0.6407    0.3891   0.07741    0.1031   0.01255
     40/99     11.8G   0.03908   0.02943  0.001824   0.07033        56       640    0.6203    0.5972    0.6436    0.3918   0.07735    0.1034   0.01266
     41/99     11.8G   0.03888    0.0294  0.001866   0.07015        42       640    0.6141    0.6136      0.65    0.3978   0.07715    0.1032   0.01269
     42/99     11.8G    0.0389   0.02955  0.001735   0.07018        34       640    0.6158    0.6148    0.6514    0.3989   0.07709    0.1031   0.01277
     43/99     11.8G   0.03815   0.02932    0.0017   0.06916        42       640    0.6288    0.6093    0.6552    0.4023   0.07693    0.1037   0.01281
     44/99     11.8G   0.03924   0.02957  0.001893    0.0707        52       640    0.6298     0.612    0.6579    0.4044   0.07692    0.1033   0.01282
     45/99     11.8G   0.03773   0.02892  0.001827   0.06847        42       640     0.637    0.6153    0.6636    0.4099   0.07668    0.1033   0.01286
     46/99     11.8G   0.03691   0.02858  0.001876   0.06736        31       640    0.6401    0.6229    0.6695     0.416   0.07639    0.1037   0.01298
     47/99     11.8G   0.03815   0.02908  0.001709   0.06894        36       640     0.646    0.6246    0.6734      0.42   0.07613    0.1042   0.01314
     48/99     11.8G   0.03728   0.02868     0.002   0.06796        51       640    0.6458    0.6277    0.6755    0.4222   0.07595     0.105   0.01325
     49/99     11.8G   0.03725    0.0288  0.001969   0.06802        44       640    0.6561    0.6236    0.6782    0.4257   0.07577    0.1055   0.01311
     50/99     11.8G    0.0373   0.02872  0.001931   0.06795        22       640    0.6511    0.6311    0.6795     0.428    0.0756    0.1061   0.01299
     51/99     11.8G   0.03826   0.02905  0.001813   0.06912        37       640    0.6549    0.6276    0.6787    0.4275   0.07557    0.1063   0.01292
     52/99     11.8G   0.03899   0.02935  0.001448   0.06979        29       640    0.6539    0.6288    0.6784    0.4274   0.07563    0.1061   0.01287
     53/99     11.8G   0.03911   0.02953  0.001542   0.07018        29       640     0.655    0.6231    0.6769    0.4265   0.07586    0.1052   0.01277
     54/99     11.8G   0.03863   0.02947  0.001484   0.06959        78       640    0.6524    0.6209    0.6731    0.4228   0.07611    0.1043   0.01279
     55/99     11.8G   0.03883   0.02913  0.001498   0.06946        76       640    0.6521    0.6213    0.6743    0.4228   0.07634    0.1027   0.01275
     56/99     11.8G   0.03846   0.02939  0.001524   0.06937        55       640    0.6492    0.6209    0.6731    0.4228   0.07636    0.1022   0.01291
     57/99     11.8G   0.03762   0.02898  0.001593    0.0682        44       640    0.6532    0.6216    0.6756    0.4256   0.07623    0.1023   0.01299
     58/99     11.8G   0.03922   0.02965  0.001631   0.07049        65       640    0.6496    0.6219    0.6746    0.4248   0.07625    0.1024     0.013
     59/99     11.8G   0.03858   0.02925  0.001531   0.06936        16       640    0.6469    0.6227    0.6744    0.4245   0.07626    0.1022   0.01294
     60/99     11.8G   0.03898   0.02948  0.001371   0.06983        27       640    0.6498    0.6161     0.671    0.4221   0.07631    0.1024   0.01294
     61/99     11.8G   0.03913   0.02923  0.001407   0.06977        22       640    0.6549    0.6076    0.6672    0.4173   0.07642    0.1027   0.01312
     62/99     11.8G   0.03847   0.02916  0.001458   0.06909        41       640    0.6512    0.6133    0.6677    0.4185   0.07635    0.1032   0.01355
     63/99     11.8G   0.03844    0.0289  0.001365    0.0687        26       640    0.6469    0.6204    0.6689    0.4198    0.0763    0.1038   0.01398
     64/99     11.8G   0.03757   0.02874  0.001315   0.06763        50       640    0.6557     0.617    0.6716     0.423   0.07611    0.1042   0.01447
     65/99     11.8G   0.03735   0.02873  0.001323   0.06741        66       640    0.6606    0.6179    0.6744    0.4265   0.07588    0.1045   0.01491
     66/99     11.8G   0.03713   0.02833   0.00132   0.06677        42       640    0.6734    0.6119    0.6769    0.4299   0.07567    0.1049   0.01499
     67/99     11.8G   0.03818   0.02897  0.001325   0.06848        48       640    0.6629    0.6178    0.6729    0.4261   0.07581    0.1052   0.01529
     68/99     11.8G   0.03831   0.02918  0.001388   0.06888        88       640     0.659    0.6242    0.6764    0.4272   0.07569    0.1051   0.01534
     69/99     11.8G   0.03845   0.02917  0.001349   0.06897        72       640    0.6561    0.6268    0.6782    0.4286   0.07576    0.1037    0.0154
     70/99     11.8G   0.03833   0.02919  0.001384   0.06891        73       640    0.6613    0.6239    0.6794    0.4296   0.07573    0.1037   0.01553
     71/99     11.8G   0.03696   0.02853   0.00128   0.06676        53       640    0.6657     0.623     0.681    0.4329   0.07562    0.1039   0.01562
     72/99     11.8G   0.03743   0.02851  0.001291   0.06723        33       640    0.6601    0.6334    0.6845    0.4379   0.07544    0.1042   0.01574
     73/99     11.8G   0.03815   0.02909  0.001314   0.06855        59       640     0.674    0.6193    0.6838    0.4372   0.07548    0.1042   0.01592
     74/99     11.8G   0.03917   0.02946  0.001339   0.06997        58       640    0.6711    0.6171    0.6812     0.434   0.07565    0.1039   0.01595
     75/99     11.8G   0.03919    0.0298  0.001367   0.07035        70       640    0.5817    0.5669    0.5852    0.3408   0.07915    0.1034   0.01594
     76/99     11.8G    0.0388   0.02991  0.001354   0.07006        24       640    0.5723    0.5537    0.5687    0.3277   0.07977    0.1029   0.01595
     77/99     11.8G   0.03847   0.02935  0.001394   0.06921        83       640    0.5814    0.5753    0.5907    0.3462   0.07902    0.1027   0.01613
     78/99     11.8G   0.03802   0.02887  0.001313    0.0682        55       640    0.5953    0.5852    0.6078    0.3616   0.07837    0.1028   0.01641
     79/99     11.8G   0.03676   0.02856  0.001292   0.06662        31       640    0.6178    0.5859    0.6226     0.376   0.07778     0.103   0.01683
     80/99     11.8G   0.03773   0.02894  0.001388   0.06805        36       640    0.6243    0.6077    0.6428    0.3953   0.07701    0.1031   0.01698
     81/99     11.8G   0.03778   0.02849  0.001278   0.06754        60       640    0.6385    0.6061    0.6506     0.403   0.07672    0.1035   0.01701
     82/99     11.8G    0.0381   0.02861   0.00127   0.06798        61       640    0.6365    0.6151    0.6554    0.4078   0.07651    0.1038   0.01681
     83/99     11.8G   0.03742   0.02838  0.001275   0.06707        68       640    0.6387    0.6173     0.658    0.4108   0.07633    0.1046    0.0162
     84/99     11.8G   0.03698   0.02831  0.001186   0.06647        45       640    0.6429    0.6182     0.661    0.4144   0.07615    0.1052   0.01533
     85/99     11.8G   0.03634   0.02808  0.001183   0.06561        68       640    0.6473     0.622    0.6659      0.42   0.07589    0.1058    0.0151
     86/99     11.8G    0.0356    0.0276  0.001129   0.06433        27       640    0.6477    0.6294    0.6708    0.4261    0.0756    0.1063   0.01548
     87/99     11.8G   0.03612   0.02761  0.001139   0.06487        55       640    0.6635    0.6214    0.6745    0.4305   0.07539    0.1067   0.01584
     88/99     11.8G   0.03669   0.02798  0.001186   0.06586        52       640    0.6694    0.6205    0.6757    0.4303   0.07539    0.1073   0.01607
     89/99     11.8G    0.0372   0.02815  0.001234   0.06658        58       640    0.6758    0.6224    0.6803    0.4364   0.07519    0.1074   0.01631
     90/99     11.8G   0.03684   0.02836  0.001228   0.06643        40       640    0.6754    0.6252     0.683    0.4382   0.07511    0.1072   0.01667
     91/99     11.8G    0.0377    0.0288  0.001167   0.06767        60       640     0.667     0.627    0.6747    0.4299   0.07535    0.1091   0.01722
     92/99     11.8G   0.03672    0.0277   0.00123   0.06566        48       640    0.6665    0.6254    0.6721     0.428   0.07541    0.1096   0.01736
     93/99     11.8G   0.03616   0.02754  0.001173   0.06487        59       640    0.6761    0.6224    0.6757    0.4326   0.07524    0.1096   0.01623
     94/99     11.8G   0.03622   0.02774  0.001189   0.06516        47       640    0.6743    0.6275     0.679    0.4368   0.07512    0.1092   0.01501
     95/99     11.8G    0.0354   0.02704  0.001169   0.06361        57       640    0.6793    0.6263    0.6815    0.4403   0.07497    0.1093   0.01517
     96/99     11.8G   0.03533   0.02688  0.001232   0.06344        51       640     0.678    0.6316     0.685    0.4455   0.07472    0.1095   0.01622
     97/99     11.8G   0.03532   0.02693  0.001187   0.06344        36       640    0.6883    0.6269    0.6877    0.4492   0.07456    0.1098   0.01718
     98/99     11.8G   0.03496   0.02672  0.001073   0.06275        41       640     0.685     0.634    0.6904    0.4522   0.07438    0.1101    0.0178
     99/99     11.8G   0.03499   0.02683   0.00109   0.06291        36       640    0.6955    0.6273    0.6918    0.4536   0.07424    0.1105    0.0181
